t, , t, , t, , t, , 
0.000000, 1.485836e+01,0.000000, 1.418112e+01,0.000000, 1.451974e+01,0.000000, 1.384250e+01,
0.010000, 1.519698e+01,0.010000, 1.451974e+01,0.010000, 1.485836e+01,0.010000, 1.418112e+01,
0.020000, 1.548312e+01,0.020000, 1.485836e+01,0.020000, 1.519698e+01,0.020000, 1.451974e+01,
0.030000, 1.575536e+01,0.030000, 1.519698e+01,0.030000, 1.548312e+01,0.030000, 1.485836e+01,
0.040000, 1.597512e+01,0.040000, 1.548312e+01,0.040000, 1.575536e+01,0.040000, 1.519698e+01,
0.050000, 1.619488e+01,0.050000, 1.575536e+01,0.050000, 1.597512e+01,0.050000, 1.548312e+01,
0.060000, 1.635547e+01,0.060000, 1.597512e+01,0.060000, 1.619488e+01,0.060000, 1.575536e+01,
0.070000, 1.648673e+01,0.070000, 1.619488e+01,0.070000, 1.635547e+01,0.070000, 1.597512e+01,
0.080000, 1.661799e+01,0.080000, 1.635547e+01,0.080000, 1.648673e+01,0.080000, 1.619488e+01,
0.090000, 1.669896e+01,0.090000, 1.648673e+01,0.090000, 1.661799e+01,0.090000, 1.635547e+01,
0.100000, 1.673124e+01,0.100000, 1.661799e+01,0.100000, 1.669896e+01,0.100000, 1.648673e+01,
0.110000, 1.676352e+01,0.110000, 1.669896e+01,0.110000, 1.673124e+01,0.110000, 1.661799e+01,
0.120000, 1.677222e+01,0.120000, 1.673124e+01,0.120000, 1.676352e+01,0.120000, 1.669896e+01,
0.130000, 1.673667e+01,0.130000, 1.676352e+01,0.130000, 1.677222e+01,0.130000, 1.673124e+01,
0.140000, 1.670111e+01,0.140000, 1.677222e+01,0.140000, 1.673667e+01,0.140000, 1.676352e+01,
0.150000, 1.665017e+01,0.150000, 1.673667e+01,0.150000, 1.670111e+01,0.150000, 1.677222e+01,
0.160000, 1.653239e+01,0.160000, 1.670111e+01,0.160000, 1.665017e+01,0.160000, 1.673667e+01,
0.170000, 1.641461e+01,0.170000, 1.665017e+01,0.170000, 1.653239e+01,0.170000, 1.670111e+01,
0.180000, 1.629242e+01,0.180000, 1.653239e+01,0.180000, 1.641461e+01,0.180000, 1.665017e+01,
0.190000, 1.600874e+01,0.190000, 1.641461e+01,0.190000, 1.629242e+01,0.190000, 1.653239e+01,
0.200000, 1.572506e+01,0.200000, 1.629242e+01,0.200000, 1.600874e+01,0.200000, 1.641461e+01,
0.210000, 1.544138e+01,0.210000, 1.600874e+01,0.210000, 1.572506e+01,0.210000, 1.629242e+01,
0.220000, 1.565739e+01,0.220000, 1.572506e+01,0.220000, 1.544138e+01,0.220000, 1.600874e+01,
0.230000, 1.595069e+01,0.230000, 1.544138e+01,0.230000, 1.565739e+01,0.230000, 1.572506e+01,
0.240000, 1.624398e+01,0.240000, 1.565739e+01,0.240000, 1.595069e+01,0.240000, 1.544138e+01,
0.250000, 1.656802e+01,0.250000, 1.595069e+01,0.250000, 1.624398e+01,0.250000, 1.565739e+01,
0.260000, 1.690488e+01,0.260000, 1.624398e+01,0.260000, 1.656802e+01,0.260000, 1.595069e+01,
0.270000, 1.724174e+01,0.270000, 1.656802e+01,0.270000, 1.690488e+01,0.270000, 1.624398e+01,
0.280000, 1.701386e+01,0.280000, 1.690488e+01,0.280000, 1.724174e+01,0.280000, 1.656802e+01,
0.290000, 1.631462e+01,0.290000, 1.724174e+01,0.290000, 1.701386e+01,0.290000, 1.690488e+01,
0.300000, 1.561538e+01,0.300000, 1.701386e+01,0.300000, 1.631462e+01,0.300000, 1.724174e+01,
0.310000, 1.502545e+01,0.310000, 1.631462e+01,0.310000, 1.561538e+01,0.310000, 1.701386e+01,
0.320000, 1.461045e+01,0.320000, 1.561538e+01,0.320000, 1.502545e+01,0.320000, 1.631462e+01,
0.330000, 1.419545e+01,0.330000, 1.502545e+01,0.330000, 1.461045e+01,0.330000, 1.561538e+01,
0.340000, 1.383010e+01,0.340000, 1.461045e+01,0.340000, 1.419545e+01,0.340000, 1.502545e+01,
0.350000, 1.363670e+01,0.350000, 1.419545e+01,0.350000, 1.383010e+01,0.350000, 1.461045e+01,
0.360000, 1.344330e+01,0.360000, 1.383010e+01,0.360000, 1.363670e+01,0.360000, 1.419545e+01,
0.370000, 1.329802e+01,0.370000, 1.363670e+01,0.370000, 1.344330e+01,0.370000, 1.383010e+01,
0.380000, 1.386144e+01,0.380000, 1.344330e+01,0.380000, 1.329802e+01,0.380000, 1.363670e+01,
0.390000, 1.442486e+01,0.390000, 1.329802e+01,0.390000, 1.386144e+01,0.390000, 1.344330e+01,
0.400000, 1.498829e+01,0.400000, 1.386144e+01,0.400000, 1.442486e+01,0.400000, 1.329802e+01,
0.410000, 1.531845e+01,0.410000, 1.442486e+01,0.410000, 1.498829e+01,0.410000, 1.386144e+01,
0.420000, 1.562359e+01,0.420000, 1.498829e+01,0.420000, 1.531845e+01,0.420000, 1.442486e+01,
0.430000, 1.592872e+01,0.430000, 1.531845e+01,0.430000, 1.562359e+01,0.430000, 1.498829e+01,
0.440000, 1.592610e+01,0.440000, 1.562359e+01,0.440000, 1.592872e+01,0.440000, 1.531845e+01,
0.450000, 1.581680e+01,0.450000, 1.592872e+01,0.450000, 1.592610e+01,0.450000, 1.562359e+01,
0.460000, 1.570750e+01,0.460000, 1.592610e+01,0.460000, 1.581680e+01,0.460000, 1.592872e+01,
0.470000, 1.574084e+01,0.470000, 1.581680e+01,0.470000, 1.570750e+01,0.470000, 1.592610e+01,
0.480000, 1.587658e+01,0.480000, 1.570750e+01,0.480000, 1.574084e+01,0.480000, 1.581680e+01,
0.490000, 1.601232e+01,0.490000, 1.574084e+01,0.490000, 1.587658e+01,0.490000, 1.570750e+01,
0.500000, 1.609674e+01,0.500000, 1.587658e+01,0.500000, 1.601232e+01,0.500000, 1.574084e+01,
0.510000, 1.611076e+01,0.510000, 1.601232e+01,0.510000, 1.609674e+01,0.510000, 1.587658e+01,
0.520000, 1.612478e+01,0.520000, 1.609674e+01,0.520000, 1.611076e+01,0.520000, 1.601232e+01,
0.530000, 1.598730e+01,0.530000, 1.611076e+01,0.530000, 1.612478e+01,0.530000, 1.609674e+01,
0.540000, 1.542110e+01,0.540000, 1.612478e+01,0.540000, 1.598730e+01,0.540000, 1.611076e+01,
0.550000, 1.485490e+01,0.550000, 1.598730e+01,0.550000, 1.542110e+01,0.550000, 1.612478e+01,
0.560000, 1.436373e+01,0.560000, 1.542110e+01,0.560000, 1.485490e+01,0.560000, 1.598730e+01,
0.570000, 1.454323e+01,0.570000, 1.485490e+01,0.570000, 1.436373e+01,0.570000, 1.542110e+01,
0.580000, 1.472273e+01,0.580000, 1.436373e+01,0.580000, 1.454323e+01,0.580000, 1.485490e+01,
0.590000, 1.490224e+01,0.590000, 1.454323e+01,0.590000, 1.472273e+01,0.590000, 1.436373e+01,
0.600000, 1.539205e+01,0.600000, 1.472273e+01,0.600000, 1.490224e+01,0.600000, 1.454323e+01,
0.610000, 1.590164e+01,0.610000, 1.490224e+01,0.610000, 1.539205e+01,0.610000, 1.472273e+01,
0.620000, 1.641122e+01,0.620000, 1.539205e+01,0.620000, 1.590164e+01,0.620000, 1.490224e+01,
0.630000, 1.620976e+01,0.630000, 1.590164e+01,0.630000, 1.641122e+01,0.630000, 1.539205e+01,
0.640000, 1.580732e+01,0.640000, 1.641122e+01,0.640000, 1.620976e+01,0.640000, 1.590164e+01,
0.650000, 1.540488e+01,0.650000, 1.620976e+01,0.650000, 1.580732e+01,0.650000, 1.641122e+01,
0.660000, 1.482616e+01,0.660000, 1.580732e+01,0.660000, 1.540488e+01,0.660000, 1.620976e+01,
0.670000, 1.413899e+01,0.670000, 1.540488e+01,0.670000, 1.482616e+01,0.670000, 1.580732e+01,
0.680000, 1.345183e+01,0.680000, 1.482616e+01,0.680000, 1.413899e+01,0.680000, 1.540488e+01,
0.690000, 1.262749e+01,0.690000, 1.413899e+01,0.690000, 1.345183e+01,0.690000, 1.482616e+01,
0.700000, 1.164124e+01,0.700000, 1.345183e+01,0.700000, 1.262749e+01,0.700000, 1.413899e+01,
0.710000, 1.065498e+01,0.710000, 1.262749e+01,0.710000, 1.164124e+01,0.710000, 1.345183e+01,
0.720000, 9.955312e+00,0.720000, 1.164124e+01,0.720000, 1.065498e+01,0.720000, 1.262749e+01,
0.730000, 9.930265e+00,0.730000, 1.065498e+01,0.730000, 9.955312e+00,0.730000, 1.164124e+01,
0.740000, 9.905217e+00,0.740000, 9.955312e+00,0.740000, 9.930265e+00,0.740000, 1.065498e+01,
0.750000, 9.883926e+00,0.750000, 9.930265e+00,0.750000, 9.905217e+00,0.750000, 9.955312e+00,
0.760000, 9.886168e+00,0.760000, 9.905217e+00,0.760000, 9.883926e+00,0.760000, 9.930265e+00,
0.770000, 9.888410e+00,0.770000, 9.883926e+00,0.770000, 9.886168e+00,0.770000, 9.905217e+00,
0.780000, 9.890652e+00,0.780000, 9.886168e+00,0.780000, 9.888410e+00,0.780000, 9.883926e+00,
0.790000, 9.744156e+00,0.790000, 9.888410e+00,0.790000, 9.890652e+00,0.790000, 9.886168e+00,
0.800000, 9.594184e+00,0.800000, 9.890652e+00,0.800000, 9.744156e+00,0.800000, 9.888410e+00,
0.810000, 9.444212e+00,0.810000, 9.744156e+00,0.810000, 9.594184e+00,0.810000, 9.890652e+00,
0.820000, 9.182577e+00,0.820000, 9.594184e+00,0.820000, 9.444212e+00,0.820000, 9.744156e+00,
0.830000, 8.895874e+00,0.830000, 9.444212e+00,0.830000, 9.182577e+00,0.830000, 9.594184e+00,
0.840000, 8.609172e+00,0.840000, 9.182577e+00,0.840000, 8.895874e+00,0.840000, 9.444212e+00,
0.850000, 8.297882e+00,0.850000, 8.895874e+00,0.850000, 8.609172e+00,0.850000, 9.182577e+00,
0.860000, 7.973708e+00,0.860000, 8.609172e+00,0.860000, 8.297882e+00,0.860000, 8.895874e+00,
0.870000, 7.649535e+00,0.870000, 8.297882e+00,0.870000, 7.973708e+00,0.870000, 8.609172e+00,
0.880000, 7.351914e+00,0.880000, 7.973708e+00,0.880000, 7.649535e+00,0.880000, 8.297882e+00,
0.890000, 7.081308e+00,0.890000, 7.649535e+00,0.890000, 7.351914e+00,0.890000, 7.973708e+00,
0.900000, 6.810702e+00,0.900000, 7.351914e+00,0.900000, 7.081308e+00,0.900000, 7.649535e+00,
0.910000, 6.625805e+00,0.910000, 7.081308e+00,0.910000, 6.810702e+00,0.910000, 7.351914e+00,
0.920000, 6.610907e+00,0.920000, 6.810702e+00,0.920000, 6.625805e+00,0.920000, 7.081308e+00,
0.930000, 6.596009e+00,0.930000, 6.625805e+00,0.930000, 6.610907e+00,0.930000, 6.810702e+00,
0.940000, 6.613786e+00,0.940000, 6.610907e+00,0.940000, 6.596009e+00,0.940000, 6.625805e+00,
0.950000, 6.785934e+00,0.950000, 6.596009e+00,0.950000, 6.613786e+00,0.950000, 6.610907e+00,
0.960000, 6.958082e+00,0.960000, 6.613786e+00,0.960000, 6.785934e+00,0.960000, 6.596009e+00,
0.970000, 7.133468e+00,0.970000, 6.785934e+00,0.970000, 6.958082e+00,0.970000, 6.613786e+00,
0.980000, 7.533709e+00,0.980000, 6.958082e+00,0.980000, 7.133468e+00,0.980000, 6.785934e+00,
0.990000, 7.933950e+00,0.990000, 7.133468e+00,0.990000, 7.533709e+00,0.990000, 6.958082e+00,
1.000000, 8.334191e+00,1.000000, 7.533709e+00,1.000000, 7.933950e+00,1.000000, 7.133468e+00,
1.010000, 8.612811e+00,1.010000, 7.933950e+00,1.010000, 8.334191e+00,1.010000, 7.533709e+00,
1.020000, 8.870590e+00,1.020000, 8.334191e+00,1.020000, 8.612811e+00,1.020000, 7.933950e+00,
1.030000, 9.128368e+00,1.030000, 8.612811e+00,1.030000, 8.870590e+00,1.030000, 8.334191e+00,
1.040000, 9.245048e+00,1.040000, 8.870590e+00,1.040000, 9.128368e+00,1.040000, 8.612811e+00,
1.050000, 9.299282e+00,1.050000, 9.128368e+00,1.050000, 9.245048e+00,1.050000, 8.870590e+00,
1.060000, 9.353516e+00,1.060000, 9.245048e+00,1.060000, 9.299282e+00,1.060000, 9.128368e+00,
1.070000, 9.087106e+00,1.070000, 9.299282e+00,1.070000, 9.353516e+00,1.070000, 9.245048e+00,
1.080000, 8.539435e+00,1.080000, 9.353516e+00,1.080000, 9.087106e+00,1.080000, 9.299282e+00,
1.090000, 7.991764e+00,1.090000, 9.087106e+00,1.090000, 8.539435e+00,1.090000, 9.353516e+00,
1.100000, 7.484473e+00,1.100000, 8.539435e+00,1.100000, 7.991764e+00,1.100000, 9.087106e+00,
1.110000, 7.045284e+00,1.110000, 7.991764e+00,1.110000, 7.484473e+00,1.110000, 8.539435e+00,
1.120000, 6.606095e+00,1.120000, 7.484473e+00,1.120000, 7.045284e+00,1.120000, 7.991764e+00,
1.130000, 6.313778e+00,1.130000, 7.045284e+00,1.130000, 6.606095e+00,1.130000, 7.484473e+00,
1.140000, 6.568266e+00,1.140000, 6.606095e+00,1.140000, 6.313778e+00,1.140000, 7.045284e+00,
1.150000, 6.822754e+00,1.150000, 6.313778e+00,1.150000, 6.568266e+00,1.150000, 6.606095e+00,
1.160000, 7.070497e+00,1.160000, 6.568266e+00,1.160000, 6.822754e+00,1.160000, 6.313778e+00,
1.170000, 7.193332e+00,1.170000, 6.822754e+00,1.170000, 7.070497e+00,1.170000, 6.568266e+00,
1.180000, 7.316166e+00,1.180000, 7.070497e+00,1.180000, 7.193332e+00,1.180000, 6.822754e+00,
1.190000, 7.439001e+00,1.190000, 7.193332e+00,1.190000, 7.316166e+00,1.190000, 7.070497e+00,
1.200000, 7.519999e+00,1.200000, 7.316166e+00,1.200000, 7.439001e+00,1.200000, 7.193332e+00,
1.210000, 7.595865e+00,1.210000, 7.439001e+00,1.210000, 7.519999e+00,1.210000, 7.316166e+00,
1.220000, 7.671731e+00,1.220000, 7.519999e+00,1.220000, 7.595865e+00,1.220000, 7.439001e+00,
1.230000, 7.893514e+00,1.230000, 7.595865e+00,1.230000, 7.671731e+00,1.230000, 7.519999e+00,
1.240000, 8.169198e+00,1.240000, 7.671731e+00,1.240000, 7.893514e+00,1.240000, 7.595865e+00,
1.250000, 8.444882e+00,1.250000, 7.893514e+00,1.250000, 8.169198e+00,1.250000, 7.671731e+00,
1.260000, 8.559925e+00,1.260000, 8.169198e+00,1.260000, 8.444882e+00,1.260000, 7.893514e+00,
1.270000, 8.553661e+00,1.270000, 8.444882e+00,1.270000, 8.559925e+00,1.270000, 8.169198e+00,
1.280000, 8.547397e+00,1.280000, 8.559925e+00,1.280000, 8.553661e+00,1.280000, 8.444882e+00,
1.290000, 8.427266e+00,1.290000, 8.553661e+00,1.290000, 8.547397e+00,1.290000, 8.559925e+00,
1.300000, 8.142774e+00,1.300000, 8.547397e+00,1.300000, 8.427266e+00,1.300000, 8.553661e+00,
1.310000, 7.858282e+00,1.310000, 8.427266e+00,1.310000, 8.142774e+00,1.310000, 8.547397e+00,
1.320000, 7.695647e+00,1.320000, 8.142774e+00,1.320000, 7.858282e+00,1.320000, 8.427266e+00,
1.330000, 7.901000e+00,1.330000, 7.858282e+00,1.330000, 7.695647e+00,1.330000, 8.142774e+00,
1.340000, 8.106354e+00,1.340000, 7.695647e+00,1.340000, 7.901000e+00,1.340000, 7.858282e+00,
1.350000, 8.301138e+00,1.350000, 7.901000e+00,1.350000, 8.106354e+00,1.350000, 7.695647e+00,
1.360000, 8.386750e+00,1.360000, 8.106354e+00,1.360000, 8.301138e+00,1.360000, 7.901000e+00,
1.370000, 8.472362e+00,1.370000, 8.301138e+00,1.370000, 8.386750e+00,1.370000, 8.106354e+00,
1.380000, 8.557974e+00,1.380000, 8.386750e+00,1.380000, 8.472362e+00,1.380000, 8.301138e+00,
1.390000, 8.351598e+00,1.390000, 8.472362e+00,1.390000, 8.557974e+00,1.390000, 8.386750e+00,
1.400000, 8.122492e+00,1.400000, 8.557974e+00,1.400000, 8.351598e+00,1.400000, 8.472362e+00,
1.410000, 7.893386e+00,1.410000, 8.351598e+00,1.410000, 8.122492e+00,1.410000, 8.557974e+00,
1.420000, 7.759106e+00,1.420000, 8.122492e+00,1.420000, 7.893386e+00,1.420000, 8.351598e+00,
1.430000, 7.653586e+00,1.430000, 7.893386e+00,1.430000, 7.759106e+00,1.430000, 8.122492e+00,
1.440000, 7.548066e+00,1.440000, 7.759106e+00,1.440000, 7.653586e+00,1.440000, 7.893386e+00,
1.450000, 7.442546e+00,1.450000, 7.653586e+00,1.450000, 7.548066e+00,1.450000, 7.759106e+00,
1.460000, 7.220620e+00,1.460000, 7.548066e+00,1.460000, 7.442546e+00,1.460000, 7.653586e+00,
1.470000, 6.904712e+00,1.470000, 7.442546e+00,1.470000, 7.220620e+00,1.470000, 7.548066e+00,
1.480000, 6.588804e+00,1.480000, 7.220620e+00,1.480000, 6.904712e+00,1.480000, 7.442546e+00,
1.490000, 6.272896e+00,1.490000, 6.904712e+00,1.490000, 6.588804e+00,1.490000, 7.220620e+00,
1.500000, 5.956988e+00,1.500000, 6.588804e+00,1.500000, 6.272896e+00,1.500000, 6.904712e+00,
1.510000, 5.689427e+00,1.510000, 6.272896e+00,1.510000, 5.956988e+00,1.510000, 6.588804e+00,
1.520000, 5.460902e+00,1.520000, 5.956988e+00,1.520000, 5.689427e+00,1.520000, 6.272896e+00,
1.530000, 5.232376e+00,1.530000, 5.689427e+00,1.530000, 5.460902e+00,1.530000, 5.956988e+00,
1.540000, 5.003850e+00,1.540000, 5.460902e+00,1.540000, 5.232376e+00,1.540000, 5.689427e+00,
1.550000, 4.775324e+00,1.550000, 5.232376e+00,1.550000, 5.003850e+00,1.550000, 5.460902e+00,
1.560000, 4.786070e+00,1.560000, 5.003850e+00,1.560000, 4.775324e+00,1.560000, 5.232376e+00,
1.570000, 4.989995e+00,1.570000, 4.775324e+00,1.570000, 4.786070e+00,1.570000, 5.003850e+00,
1.580000, 5.193920e+00,1.580000, 4.786070e+00,1.580000, 4.989995e+00,1.580000, 4.775324e+00,
1.590000, 5.397845e+00,1.590000, 4.989995e+00,1.590000, 5.193920e+00,1.590000, 4.786070e+00,
1.600000, 5.601770e+00,1.600000, 5.193920e+00,1.600000, 5.397845e+00,1.600000, 4.989995e+00,
1.610000, 5.664817e+00,1.610000, 5.397845e+00,1.610000, 5.601770e+00,1.610000, 5.193920e+00,
1.620000, 5.614124e+00,1.620000, 5.601770e+00,1.620000, 5.664817e+00,1.620000, 5.397845e+00,
1.630000, 5.563432e+00,1.630000, 5.664817e+00,1.630000, 5.614124e+00,1.630000, 5.601770e+00,
1.640000, 5.512739e+00,1.640000, 5.614124e+00,1.640000, 5.563432e+00,1.640000, 5.664817e+00,
1.650000, 5.462047e+00,1.650000, 5.563432e+00,1.650000, 5.512739e+00,1.650000, 5.614124e+00,
1.660000, 5.522142e+00,1.660000, 5.512739e+00,1.660000, 5.462047e+00,1.660000, 5.563432e+00,
1.670000, 5.671683e+00,1.670000, 5.462047e+00,1.670000, 5.522142e+00,1.670000, 5.512739e+00,
1.680000, 5.821225e+00,1.680000, 5.522142e+00,1.680000, 5.671683e+00,1.680000, 5.462047e+00,
1.690000, 5.970766e+00,1.690000, 5.671683e+00,1.690000, 5.821225e+00,1.690000, 5.522142e+00,
1.700000, 6.120307e+00,1.700000, 5.821225e+00,1.700000, 5.970766e+00,1.700000, 5.671683e+00,
1.710000, 6.315223e+00,1.710000, 5.970766e+00,1.710000, 6.120307e+00,1.710000, 5.821225e+00,
1.720000, 6.546772e+00,1.720000, 6.120307e+00,1.720000, 6.315223e+00,1.720000, 5.970766e+00,
1.730000, 6.778321e+00,1.730000, 6.315223e+00,1.730000, 6.546772e+00,1.730000, 6.120307e+00,
1.740000, 7.009870e+00,1.740000, 6.546772e+00,1.740000, 6.778321e+00,1.740000, 6.315223e+00,
1.750000, 7.241419e+00,1.750000, 6.778321e+00,1.750000, 7.009870e+00,1.750000, 6.546772e+00,
1.760000, 7.451170e+00,1.760000, 7.009870e+00,1.760000, 7.241419e+00,1.760000, 6.778321e+00,
1.770000, 7.643322e+00,1.770000, 7.241419e+00,1.770000, 7.451170e+00,1.770000, 7.009870e+00,
1.780000, 7.835475e+00,1.780000, 7.451170e+00,1.780000, 7.643322e+00,1.780000, 7.241419e+00,
1.790000, 8.027627e+00,1.790000, 7.643322e+00,1.790000, 7.835475e+00,1.790000, 7.451170e+00,
1.800000, 8.219780e+00,1.800000, 7.835475e+00,1.800000, 8.027627e+00,1.800000, 7.643322e+00,
1.810000, 8.470976e+00,1.810000, 8.027627e+00,1.810000, 8.219780e+00,1.810000, 7.835475e+00,
1.820000, 8.769843e+00,1.820000, 8.219780e+00,1.820000, 8.470976e+00,1.820000, 8.027627e+00,
1.830000, 9.068710e+00,1.830000, 8.470976e+00,1.830000, 8.769843e+00,1.830000, 8.219780e+00,
1.840000, 9.367577e+00,1.840000, 8.769843e+00,1.840000, 9.068710e+00,1.840000, 8.470976e+00,
1.850000, 9.666444e+00,1.850000, 9.068710e+00,1.850000, 9.367577e+00,1.850000, 8.769843e+00,
1.860000, 9.898549e+00,1.860000, 9.367577e+00,1.860000, 9.666444e+00,1.860000, 9.068710e+00,
1.870000, 1.007675e+01,1.870000, 9.666444e+00,1.870000, 9.898549e+00,1.870000, 9.367577e+00,
1.880000, 1.025496e+01,1.880000, 9.898549e+00,1.880000, 1.007675e+01,1.880000, 9.666444e+00,
1.890000, 1.043316e+01,1.890000, 1.007675e+01,1.890000, 1.025496e+01,1.890000, 9.898549e+00,
1.900000, 1.061136e+01,1.900000, 1.025496e+01,1.900000, 1.043316e+01,1.900000, 1.007675e+01,
1.910000, 1.079458e+01,1.910000, 1.043316e+01,1.910000, 1.061136e+01,1.910000, 1.025496e+01,
1.920000, 1.098186e+01,1.920000, 1.061136e+01,1.920000, 1.079458e+01,1.920000, 1.043316e+01,
1.930000, 1.116913e+01,1.930000, 1.079458e+01,1.930000, 1.098186e+01,1.930000, 1.061136e+01,
1.940000, 1.135641e+01,1.940000, 1.098186e+01,1.940000, 1.116913e+01,1.940000, 1.079458e+01,
1.950000, 1.154368e+01,1.950000, 1.116913e+01,1.950000, 1.135641e+01,1.950000, 1.098186e+01,
1.960000, 1.163663e+01,1.960000, 1.135641e+01,1.960000, 1.154368e+01,1.960000, 1.116913e+01,
1.970000, 1.165341e+01,1.970000, 1.154368e+01,1.970000, 1.163663e+01,1.970000, 1.135641e+01,
1.980000, 1.167020e+01,1.980000, 1.163663e+01,1.980000, 1.165341e+01,1.980000, 1.154368e+01,
1.990000, 1.168699e+01,1.990000, 1.165341e+01,1.990000, 1.167020e+01,1.990000, 1.163663e+01,
2.000000, 1.170377e+01,2.000000, 1.167020e+01,2.000000, 1.168699e+01,2.000000, 1.165341e+01,
2.010000, 1.182591e+01,2.010000, 1.168699e+01,2.010000, 1.170377e+01,2.010000, 1.167020e+01,
2.020000, 1.203310e+01,2.020000, 1.170377e+01,2.020000, 1.182591e+01,2.020000, 1.168699e+01,
2.030000, 1.224029e+01,2.030000, 1.182591e+01,2.030000, 1.203310e+01,2.030000, 1.170377e+01,
2.040000, 1.244748e+01,2.040000, 1.203310e+01,2.040000, 1.224029e+01,2.040000, 1.182591e+01,
2.050000, 1.265467e+01,2.050000, 1.224029e+01,2.050000, 1.244748e+01,2.050000, 1.203310e+01,
2.060000, 1.284450e+01,2.060000, 1.244748e+01,2.060000, 1.265467e+01,2.060000, 1.224029e+01,
2.070000, 1.302030e+01,2.070000, 1.265467e+01,2.070000, 1.284450e+01,2.070000, 1.244748e+01,
2.080000, 1.319610e+01,2.080000, 1.284450e+01,2.080000, 1.302030e+01,2.080000, 1.265467e+01,
2.090000, 1.337191e+01,2.090000, 1.302030e+01,2.090000, 1.319610e+01,2.090000, 1.284450e+01,
2.100000, 1.354771e+01,2.100000, 1.319610e+01,2.100000, 1.337191e+01,2.100000, 1.302030e+01,
2.110000, 1.347856e+01,2.110000, 1.337191e+01,2.110000, 1.354771e+01,2.110000, 1.319610e+01,
2.120000, 1.321164e+01,2.120000, 1.354771e+01,2.120000, 1.347856e+01,2.120000, 1.337191e+01,
2.130000, 1.294473e+01,2.130000, 1.347856e+01,2.130000, 1.321164e+01,2.130000, 1.354771e+01,
2.140000, 1.267781e+01,2.140000, 1.321164e+01,2.140000, 1.294473e+01,2.140000, 1.347856e+01,
2.150000, 1.241089e+01,2.150000, 1.294473e+01,2.150000, 1.267781e+01,2.150000, 1.321164e+01,
2.160000, 1.223760e+01,2.160000, 1.267781e+01,2.160000, 1.241089e+01,2.160000, 1.294473e+01,
2.170000, 1.213990e+01,2.170000, 1.241089e+01,2.170000, 1.223760e+01,2.170000, 1.267781e+01,
2.180000, 1.204219e+01,2.180000, 1.223760e+01,2.180000, 1.213990e+01,2.180000, 1.241089e+01,
2.190000, 1.194449e+01,2.190000, 1.213990e+01,2.190000, 1.204219e+01,2.190000, 1.223760e+01,
2.200000, 1.184678e+01,2.200000, 1.204219e+01,2.200000, 1.194449e+01,2.200000, 1.213990e+01,
2.210000, 1.172122e+01,2.210000, 1.194449e+01,2.210000, 1.184678e+01,2.210000, 1.204219e+01,
2.220000, 1.157316e+01,2.220000, 1.184678e+01,2.220000, 1.172122e+01,2.220000, 1.194449e+01,
2.230000, 1.142509e+01,2.230000, 1.172122e+01,2.230000, 1.157316e+01,2.230000, 1.184678e+01,
2.240000, 1.127703e+01,2.240000, 1.157316e+01,2.240000, 1.142509e+01,2.240000, 1.172122e+01,
2.250000, 1.112897e+01,2.250000, 1.142509e+01,2.250000, 1.127703e+01,2.250000, 1.157316e+01,
2.260000, 1.078787e+01,2.260000, 1.127703e+01,2.260000, 1.112897e+01,2.260000, 1.142509e+01,
2.270000, 1.029091e+01,2.270000, 1.112897e+01,2.270000, 1.078787e+01,2.270000, 1.127703e+01,
2.280000, 9.793951e+00,2.280000, 1.078787e+01,2.280000, 1.029091e+01,2.280000, 1.112897e+01,
2.290000, 9.296994e+00,2.290000, 1.029091e+01,2.290000, 9.793951e+00,2.290000, 1.078787e+01,
2.300000, 8.800036e+00,2.300000, 9.793951e+00,2.300000, 9.296994e+00,2.300000, 1.029091e+01,
2.310000, 8.483579e+00,2.310000, 9.296994e+00,2.310000, 8.800036e+00,2.310000, 9.793951e+00,
2.320000, 8.312852e+00,2.320000, 8.800036e+00,2.320000, 8.483579e+00,2.320000, 9.296994e+00,
2.330000, 8.142126e+00,2.330000, 8.483579e+00,2.330000, 8.312852e+00,2.330000, 8.800036e+00,
2.340000, 7.971399e+00,2.340000, 8.312852e+00,2.340000, 8.142126e+00,2.340000, 8.483579e+00,
2.350000, 7.800672e+00,2.350000, 8.142126e+00,2.350000, 7.971399e+00,2.350000, 8.312852e+00,
2.360000, 7.621398e+00,2.360000, 7.971399e+00,2.360000, 7.800672e+00,2.360000, 8.142126e+00,
2.370000, 7.435222e+00,2.370000, 7.800672e+00,2.370000, 7.621398e+00,2.370000, 7.971399e+00,
2.380000, 7.249046e+00,2.380000, 7.621398e+00,2.380000, 7.435222e+00,2.380000, 7.800672e+00,
2.390000, 7.062870e+00,2.390000, 7.435222e+00,2.390000, 7.249046e+00,2.390000, 7.621398e+00,
2.400000, 6.876695e+00,2.400000, 7.249046e+00,2.400000, 7.062870e+00,2.400000, 7.435222e+00,
2.410000, 6.857640e+00,2.410000, 7.062870e+00,2.410000, 6.876695e+00,2.410000, 7.249046e+00,
2.420000, 6.973513e+00,2.420000, 6.876695e+00,2.420000, 6.857640e+00,2.420000, 7.062870e+00,
2.430000, 7.089386e+00,2.430000, 6.857640e+00,2.430000, 6.973513e+00,2.430000, 6.876695e+00,
2.440000, 7.205259e+00,2.440000, 6.973513e+00,2.440000, 7.089386e+00,2.440000, 6.857640e+00,
2.450000, 7.321132e+00,2.450000, 7.089386e+00,2.450000, 7.205259e+00,2.450000, 6.973513e+00,
2.460000, 7.514665e+00,2.460000, 7.205259e+00,2.460000, 7.321132e+00,2.460000, 7.089386e+00,
2.470000, 7.770897e+00,2.470000, 7.321132e+00,2.470000, 7.514665e+00,2.470000, 7.205259e+00,
2.480000, 8.027129e+00,2.480000, 7.514665e+00,2.480000, 7.770897e+00,2.480000, 7.321132e+00,
2.490000, 8.283361e+00,2.490000, 7.770897e+00,2.490000, 8.027129e+00,2.490000, 7.514665e+00,
2.500000, 8.539593e+00,2.500000, 8.027129e+00,2.500000, 8.283361e+00,2.500000, 7.770897e+00,
2.510000, 8.911419e+00,2.510000, 8.283361e+00,2.510000, 8.539593e+00,2.510000, 8.027129e+00,
2.520000, 9.376570e+00,2.520000, 8.539593e+00,2.520000, 8.911419e+00,2.520000, 8.283361e+00,
2.530000, 9.841721e+00,2.530000, 8.911419e+00,2.530000, 9.376570e+00,2.530000, 8.539593e+00,
2.540000, 1.030687e+01,2.540000, 9.376570e+00,2.540000, 9.841721e+00,2.540000, 8.911419e+00,
2.550000, 1.077202e+01,2.550000, 9.841721e+00,2.550000, 1.030687e+01,2.550000, 9.376570e+00,
2.560000, 1.088968e+01,2.560000, 1.030687e+01,2.560000, 1.077202e+01,2.560000, 9.841721e+00,
2.570000, 1.072679e+01,2.570000, 1.077202e+01,2.570000, 1.088968e+01,2.570000, 1.030687e+01,
2.580000, 1.056389e+01,2.580000, 1.088968e+01,2.580000, 1.072679e+01,2.580000, 1.077202e+01,
2.590000, 1.040100e+01,2.590000, 1.072679e+01,2.590000, 1.056389e+01,2.590000, 1.088968e+01,
2.600000, 1.023810e+01,2.600000, 1.056389e+01,2.600000, 1.040100e+01,2.600000, 1.072679e+01,
2.610000, 1.048212e+01,2.610000, 1.040100e+01,2.610000, 1.023810e+01,2.610000, 1.056389e+01,
2.620000, 1.105465e+01,2.620000, 1.023810e+01,2.620000, 1.048212e+01,2.620000, 1.040100e+01,
2.630000, 1.162719e+01,2.630000, 1.048212e+01,2.630000, 1.105465e+01,2.630000, 1.023810e+01,
2.640000, 1.219973e+01,2.640000, 1.105465e+01,2.640000, 1.162719e+01,2.640000, 1.048212e+01,
2.650000, 1.277227e+01,2.650000, 1.162719e+01,2.650000, 1.219973e+01,2.650000, 1.105465e+01,
2.660000, 1.307503e+01,2.660000, 1.219973e+01,2.660000, 1.277227e+01,2.660000, 1.162719e+01,
2.670000, 1.315998e+01,2.670000, 1.277227e+01,2.670000, 1.307503e+01,2.670000, 1.219973e+01,
2.680000, 1.324493e+01,2.680000, 1.307503e+01,2.680000, 1.315998e+01,2.680000, 1.277227e+01,
2.690000, 1.332988e+01,2.690000, 1.315998e+01,2.690000, 1.324493e+01,2.690000, 1.307503e+01,
2.700000, 1.341483e+01,2.700000, 1.324493e+01,2.700000, 1.332988e+01,2.700000, 1.315998e+01,
2.710000, 1.348280e+01,2.710000, 1.332988e+01,2.710000, 1.341483e+01,2.710000, 1.324493e+01,
2.720000, 1.353707e+01,2.720000, 1.341483e+01,2.720000, 1.348280e+01,2.720000, 1.332988e+01,
2.730000, 1.359134e+01,2.730000, 1.348280e+01,2.730000, 1.353707e+01,2.730000, 1.341483e+01,
2.740000, 1.364561e+01,2.740000, 1.353707e+01,2.740000, 1.359134e+01,2.740000, 1.348280e+01,
2.750000, 1.369988e+01,2.750000, 1.359134e+01,2.750000, 1.364561e+01,2.750000, 1.353707e+01,
2.760000, 1.373125e+01,2.760000, 1.364561e+01,2.760000, 1.369988e+01,2.760000, 1.359134e+01,
2.770000, 1.374413e+01,2.770000, 1.369988e+01,2.770000, 1.373125e+01,2.770000, 1.364561e+01,
2.780000, 1.375701e+01,2.780000, 1.373125e+01,2.780000, 1.374413e+01,2.780000, 1.369988e+01,
2.790000, 1.376988e+01,2.790000, 1.374413e+01,2.790000, 1.375701e+01,2.790000, 1.373125e+01,
2.800000, 1.378276e+01,2.800000, 1.375701e+01,2.800000, 1.376988e+01,2.800000, 1.374413e+01,
2.810000, 1.418827e+01,2.810000, 1.376988e+01,2.810000, 1.378276e+01,2.810000, 1.375701e+01,
2.820000, 1.491077e+01,2.820000, 1.378276e+01,2.820000, 1.418827e+01,2.820000, 1.376988e+01,
2.830000, 1.563328e+01,2.830000, 1.418827e+01,2.830000, 1.491077e+01,2.830000, 1.378276e+01,
2.840000, 1.635578e+01,2.840000, 1.491077e+01,2.840000, 1.563328e+01,2.840000, 1.418827e+01,
2.850000, 1.707828e+01,2.850000, 1.563328e+01,2.850000, 1.635578e+01,2.850000, 1.491077e+01,
2.860000, 1.719361e+01,2.860000, 1.635578e+01,2.860000, 1.707828e+01,2.860000, 1.563328e+01,
2.870000, 1.681874e+01,2.870000, 1.707828e+01,2.870000, 1.719361e+01,2.870000, 1.635578e+01,
2.880000, 1.644387e+01,2.880000, 1.719361e+01,2.880000, 1.681874e+01,2.880000, 1.707828e+01,
2.890000, 1.606900e+01,2.890000, 1.681874e+01,2.890000, 1.644387e+01,2.890000, 1.719361e+01,
2.900000, 1.569412e+01,2.900000, 1.644387e+01,2.900000, 1.606900e+01,2.900000, 1.681874e+01,
2.910000, 1.533969e+01,2.910000, 1.606900e+01,2.910000, 1.569412e+01,2.910000, 1.644387e+01,
2.920000, 1.500176e+01,2.920000, 1.569412e+01,2.920000, 1.533969e+01,2.920000, 1.606900e+01,
2.930000, 1.466383e+01,2.930000, 1.533969e+01,2.930000, 1.500176e+01,2.930000, 1.569412e+01,
2.940000, 1.432591e+01,2.940000, 1.500176e+01,2.940000, 1.466383e+01,2.940000, 1.533969e+01,
2.950000, 1.398798e+01,2.950000, 1.466383e+01,2.950000, 1.432591e+01,2.950000, 1.500176e+01,
2.960000, 1.368611e+01,2.960000, 1.432591e+01,2.960000, 1.398798e+01,2.960000, 1.466383e+01,
2.970000, 1.341335e+01,2.970000, 1.398798e+01,2.970000, 1.368611e+01,2.970000, 1.432591e+01,
2.980000, 1.314060e+01,2.980000, 1.368611e+01,2.980000, 1.341335e+01,2.980000, 1.398798e+01,
2.990000, 1.286784e+01,2.990000, 1.341335e+01,2.990000, 1.314060e+01,2.990000, 1.368611e+01,
3.000000, 1.259509e+01,3.000000, 1.314060e+01,3.000000, 1.286784e+01,3.000000, 1.341335e+01,
3.010000, 1.273855e+01,3.010000, 1.286784e+01,3.010000, 1.259509e+01,3.010000, 1.314060e+01,
3.020000, 1.321804e+01,3.020000, 1.259509e+01,3.020000, 1.273855e+01,3.020000, 1.286784e+01,
3.030000, 1.369754e+01,3.030000, 1.273855e+01,3.030000, 1.321804e+01,3.030000, 1.259509e+01,
3.040000, 1.417703e+01,3.040000, 1.321804e+01,3.040000, 1.369754e+01,3.040000, 1.273855e+01,
3.050000, 1.465653e+01,3.050000, 1.369754e+01,3.050000, 1.417703e+01,3.050000, 1.321804e+01,
3.060000, 1.522319e+01,3.060000, 1.417703e+01,3.060000, 1.465653e+01,3.060000, 1.369754e+01,
3.070000, 1.586024e+01,3.070000, 1.465653e+01,3.070000, 1.522319e+01,3.070000, 1.417703e+01,
3.080000, 1.649728e+01,3.080000, 1.522319e+01,3.080000, 1.586024e+01,3.080000, 1.465653e+01,
3.090000, 1.713432e+01,3.090000, 1.586024e+01,3.090000, 1.649728e+01,3.090000, 1.522319e+01,
3.100000, 1.777137e+01,3.100000, 1.649728e+01,3.100000, 1.713432e+01,3.100000, 1.586024e+01,
3.110000, 1.827468e+01,3.110000, 1.713432e+01,3.110000, 1.777137e+01,3.110000, 1.649728e+01,
3.120000, 1.867002e+01,3.120000, 1.777137e+01,3.120000, 1.827468e+01,3.120000, 1.713432e+01,
3.130000, 1.906536e+01,3.130000, 1.827468e+01,3.130000, 1.867002e+01,3.130000, 1.777137e+01,
3.140000, 1.946070e+01,3.140000, 1.867002e+01,3.140000, 1.906536e+01,3.140000, 1.827468e+01,
3.150000, 1.985604e+01,3.150000, 1.906536e+01,3.150000, 1.946070e+01,3.150000, 1.867002e+01,
3.160000, 1.975998e+01,3.160000, 1.946070e+01,3.160000, 1.985604e+01,3.160000, 1.906536e+01,
3.170000, 1.926717e+01,3.170000, 1.985604e+01,3.170000, 1.975998e+01,3.170000, 1.946070e+01,
3.180000, 1.877436e+01,3.180000, 1.975998e+01,3.180000, 1.926717e+01,3.180000, 1.985604e+01,
3.190000, 1.828156e+01,3.190000, 1.926717e+01,3.190000, 1.877436e+01,3.190000, 1.975998e+01,
3.200000, 1.778875e+01,3.200000, 1.877436e+01,3.200000, 1.828156e+01,3.200000, 1.926717e+01,
3.210000, 1.769094e+01,3.210000, 1.828156e+01,3.210000, 1.778875e+01,3.210000, 1.877436e+01,
3.220000, 1.791203e+01,3.220000, 1.778875e+01,3.220000, 1.769094e+01,3.220000, 1.828156e+01,
3.230000, 1.813312e+01,3.230000, 1.769094e+01,3.230000, 1.791203e+01,3.230000, 1.778875e+01,
3.240000, 1.835421e+01,3.240000, 1.791203e+01,3.240000, 1.813312e+01,3.240000, 1.769094e+01,
3.250000, 1.857530e+01,3.250000, 1.813312e+01,3.250000, 1.835421e+01,3.250000, 1.791203e+01,
3.260000, 1.940909e+01,3.260000, 1.835421e+01,3.260000, 1.857530e+01,3.260000, 1.813312e+01,
3.270000, 2.073755e+01,3.270000, 1.857530e+01,3.270000, 1.940909e+01,3.270000, 1.835421e+01,
3.280000, 2.206600e+01,3.280000, 1.940909e+01,3.280000, 2.073755e+01,3.280000, 1.857530e+01,
3.290000, 2.339446e+01,3.290000, 2.073755e+01,3.290000, 2.206600e+01,3.290000, 1.940909e+01,
3.300000, 2.472291e+01,3.300000, 2.206600e+01,3.300000, 2.339446e+01,3.300000, 2.073755e+01,
3.310000, 2.545010e+01,3.310000, 2.339446e+01,3.310000, 2.472291e+01,3.310000, 2.206600e+01,
3.320000, 2.569183e+01,3.320000, 2.472291e+01,3.320000, 2.545010e+01,3.320000, 2.339446e+01,
3.330000, 2.593357e+01,3.330000, 2.545010e+01,3.330000, 2.569183e+01,3.330000, 2.472291e+01,
3.340000, 2.617530e+01,3.340000, 2.569183e+01,3.340000, 2.593357e+01,3.340000, 2.545010e+01,
3.350000, 2.641704e+01,3.350000, 2.593357e+01,3.350000, 2.617530e+01,3.350000, 2.569183e+01,
3.360000, 2.727969e+01,3.360000, 2.617530e+01,3.360000, 2.641704e+01,3.360000, 2.593357e+01,
3.370000, 2.864364e+01,3.370000, 2.641704e+01,3.370000, 2.727969e+01,3.370000, 2.617530e+01,
3.380000, 3.000759e+01,3.380000, 2.727969e+01,3.380000, 2.864364e+01,3.380000, 2.641704e+01,
3.390000, 3.137154e+01,3.390000, 2.864364e+01,3.390000, 3.000759e+01,3.390000, 2.727969e+01,
3.400000, 3.273549e+01,3.400000, 3.000759e+01,3.400000, 3.137154e+01,3.400000, 2.864364e+01,
3.410000, 3.310859e+01,3.410000, 3.137154e+01,3.410000, 3.273549e+01,3.410000, 3.000759e+01,
3.420000, 3.268172e+01,3.420000, 3.273549e+01,3.420000, 3.310859e+01,3.420000, 3.137154e+01,
3.430000, 3.225486e+01,3.430000, 3.310859e+01,3.430000, 3.268172e+01,3.430000, 3.273549e+01,
3.440000, 3.182799e+01,3.440000, 3.268172e+01,3.440000, 3.225486e+01,3.440000, 3.310859e+01,
3.450000, 3.140112e+01,3.450000, 3.225486e+01,3.450000, 3.182799e+01,3.450000, 3.268172e+01,
3.460000, 3.047997e+01,3.460000, 3.182799e+01,3.460000, 3.140112e+01,3.460000, 3.225486e+01,
3.470000, 2.915976e+01,3.470000, 3.140112e+01,3.470000, 3.047997e+01,3.470000, 3.182799e+01,
3.480000, 2.783955e+01,3.480000, 3.047997e+01,3.480000, 2.915976e+01,3.480000, 3.140112e+01,
3.490000, 2.651934e+01,3.490000, 2.915976e+01,3.490000, 2.783955e+01,3.490000, 3.047997e+01,
3.500000, 2.519912e+01,3.500000, 2.783955e+01,3.500000, 2.651934e+01,3.500000, 2.915976e+01,
3.510000, 2.457433e+01,3.510000, 2.651934e+01,3.510000, 2.519912e+01,3.510000, 2.783955e+01,
3.520000, 2.451099e+01,3.520000, 2.519912e+01,3.520000, 2.457433e+01,3.520000, 2.651934e+01,
3.530000, 2.444764e+01,3.530000, 2.457433e+01,3.530000, 2.451099e+01,3.530000, 2.519912e+01,
3.540000, 2.438430e+01,3.540000, 2.451099e+01,3.540000, 2.444764e+01,3.540000, 2.457433e+01,
3.550000, 2.432096e+01,3.550000, 2.444764e+01,3.550000, 2.438430e+01,3.550000, 2.451099e+01,
3.560000, 2.445934e+01,3.560000, 2.438430e+01,3.560000, 2.432096e+01,3.560000, 2.444764e+01,
3.570000, 2.476058e+01,3.570000, 2.432096e+01,3.570000, 2.445934e+01,3.570000, 2.438430e+01,
3.580000, 2.506182e+01,3.580000, 2.445934e+01,3.580000, 2.476058e+01,3.580000, 2.432096e+01,
3.590000, 2.536306e+01,3.590000, 2.476058e+01,3.590000, 2.506182e+01,3.590000, 2.445934e+01,
3.600000, 2.566431e+01,3.600000, 2.506182e+01,3.600000, 2.536306e+01,3.600000, 2.476058e+01,
3.610000, 2.572031e+01,3.610000, 2.536306e+01,3.610000, 2.566431e+01,3.610000, 2.506182e+01,
3.620000, 2.557832e+01,3.620000, 2.566431e+01,3.620000, 2.572031e+01,3.620000, 2.536306e+01,
3.630000, 2.543633e+01,3.630000, 2.572031e+01,3.630000, 2.557832e+01,3.630000, 2.566431e+01,
3.640000, 2.529434e+01,3.640000, 2.557832e+01,3.640000, 2.543633e+01,3.640000, 2.572031e+01,
3.650000, 2.515235e+01,3.650000, 2.543633e+01,3.650000, 2.529434e+01,3.650000, 2.557832e+01,
3.660000, 2.456750e+01,3.660000, 2.529434e+01,3.660000, 2.515235e+01,3.660000, 2.543633e+01,
3.670000, 2.362509e+01,3.670000, 2.515235e+01,3.670000, 2.456750e+01,3.670000, 2.529434e+01,
3.680000, 2.268269e+01,3.680000, 2.456750e+01,3.680000, 2.362509e+01,3.680000, 2.515235e+01,
3.690000, 2.174028e+01,3.690000, 2.362509e+01,3.690000, 2.268269e+01,3.690000, 2.456750e+01,
3.700000, 2.079788e+01,3.700000, 2.268269e+01,3.700000, 2.174028e+01,3.700000, 2.362509e+01,
3.710000, 2.010880e+01,3.710000, 2.174028e+01,3.710000, 2.079788e+01,3.710000, 2.268269e+01,
3.720000, 1.962424e+01,3.720000, 2.079788e+01,3.720000, 2.010880e+01,3.720000, 2.174028e+01,
3.730000, 1.913968e+01,3.730000, 2.010880e+01,3.730000, 1.962424e+01,3.730000, 2.079788e+01,
3.740000, 1.865512e+01,3.740000, 1.962424e+01,3.740000, 1.913968e+01,3.740000, 2.010880e+01,
3.750000, 1.817057e+01,3.750000, 1.913968e+01,3.750000, 1.865512e+01,3.750000, 1.962424e+01,
3.760000, 1.831549e+01,3.760000, 1.865512e+01,3.760000, 1.817057e+01,3.760000, 1.913968e+01,
3.770000, 1.896864e+01,3.770000, 1.817057e+01,3.770000, 1.831549e+01,3.770000, 1.865512e+01,
3.780000, 1.962179e+01,3.780000, 1.831549e+01,3.780000, 1.896864e+01,3.780000, 1.817057e+01,
3.790000, 2.027494e+01,3.790000, 1.896864e+01,3.790000, 1.962179e+01,3.790000, 1.831549e+01,
3.800000, 2.092809e+01,3.800000, 1.962179e+01,3.800000, 2.027494e+01,3.800000, 1.896864e+01,
3.810000, 2.123872e+01,3.810000, 2.027494e+01,3.810000, 2.092809e+01,3.810000, 1.962179e+01,
3.820000, 2.127281e+01,3.820000, 2.092809e+01,3.820000, 2.123872e+01,3.820000, 2.027494e+01,
3.830000, 2.130690e+01,3.830000, 2.123872e+01,3.830000, 2.127281e+01,3.830000, 2.092809e+01,
3.840000, 2.134099e+01,3.840000, 2.127281e+01,3.840000, 2.130690e+01,3.840000, 2.123872e+01,
3.850000, 2.137508e+01,3.850000, 2.130690e+01,3.850000, 2.134099e+01,3.850000, 2.127281e+01,
3.860000, 2.150340e+01,3.860000, 2.134099e+01,3.860000, 2.137508e+01,3.860000, 2.130690e+01,
3.870000, 2.170780e+01,3.870000, 2.137508e+01,3.870000, 2.150340e+01,3.870000, 2.134099e+01,
3.880000, 2.191219e+01,3.880000, 2.150340e+01,3.880000, 2.170780e+01,3.880000, 2.137508e+01,
3.890000, 2.211659e+01,3.890000, 2.170780e+01,3.890000, 2.191219e+01,3.890000, 2.150340e+01,
3.900000, 2.232099e+01,3.900000, 2.191219e+01,3.900000, 2.211659e+01,3.900000, 2.170780e+01,
3.910000, 2.253312e+01,3.910000, 2.211659e+01,3.910000, 2.232099e+01,3.910000, 2.191219e+01,
3.920000, 2.275149e+01,3.920000, 2.232099e+01,3.920000, 2.253312e+01,3.920000, 2.211659e+01,
3.930000, 2.296985e+01,3.930000, 2.253312e+01,3.930000, 2.275149e+01,3.930000, 2.232099e+01,
3.940000, 2.318822e+01,3.940000, 2.275149e+01,3.940000, 2.296985e+01,3.940000, 2.253312e+01,
3.950000, 2.340659e+01,3.950000, 2.296985e+01,3.950000, 2.318822e+01,3.950000, 2.275149e+01,
3.960000, 2.344479e+01,3.960000, 2.318822e+01,3.960000, 2.340659e+01,3.960000, 2.296985e+01,
3.970000, 2.333754e+01,3.970000, 2.340659e+01,3.970000, 2.344479e+01,3.970000, 2.318822e+01,
3.980000, 2.323029e+01,3.980000, 2.344479e+01,3.980000, 2.333754e+01,3.980000, 2.340659e+01,
3.990000, 2.312303e+01,3.990000, 2.333754e+01,3.990000, 2.323029e+01,3.990000, 2.344479e+01,
4.000000, 2.301578e+01,4.000000, 2.323029e+01,4.000000, 2.312303e+01,4.000000, 2.333754e+01,
4.010000, 2.275137e+01,4.010000, 2.312303e+01,4.010000, 2.301578e+01,4.010000, 2.323029e+01,
4.020000, 2.236009e+01,4.020000, 2.301578e+01,4.020000, 2.275137e+01,4.020000, 2.312303e+01,
4.030000, 2.196880e+01,4.030000, 2.275137e+01,4.030000, 2.236009e+01,4.030000, 2.301578e+01,
4.040000, 2.157751e+01,4.040000, 2.236009e+01,4.040000, 2.196880e+01,4.040000, 2.275137e+01,
4.050000, 2.118623e+01,4.050000, 2.196880e+01,4.050000, 2.157751e+01,4.050000, 2.236009e+01,
4.060000, 2.077686e+01,4.060000, 2.157751e+01,4.060000, 2.118623e+01,4.060000, 2.196880e+01,
4.070000, 2.035290e+01,4.070000, 2.118623e+01,4.070000, 2.077686e+01,4.070000, 2.157751e+01,
4.080000, 1.992893e+01,4.080000, 2.077686e+01,4.080000, 2.035290e+01,4.080000, 2.118623e+01,
4.090000, 1.950497e+01,4.090000, 2.035290e+01,4.090000, 1.992893e+01,4.090000, 2.077686e+01,
4.100000, 1.908100e+01,4.100000, 1.992893e+01,4.100000, 1.950497e+01,4.100000, 2.035290e+01,
4.110000, 1.895121e+01,4.110000, 1.950497e+01,4.110000, 1.908100e+01,4.110000, 1.992893e+01,
4.120000, 1.905891e+01,4.120000, 1.908100e+01,4.120000, 1.895121e+01,4.120000, 1.950497e+01,
4.130000, 1.916661e+01,4.130000, 1.895121e+01,4.130000, 1.905891e+01,4.130000, 1.908100e+01,
4.140000, 1.927431e+01,4.140000, 1.905891e+01,4.140000, 1.916661e+01,4.140000, 1.895121e+01,
4.150000, 1.938201e+01,4.150000, 1.916661e+01,4.150000, 1.927431e+01,4.150000, 1.905891e+01,
4.160000, 1.969799e+01,4.160000, 1.927431e+01,4.160000, 1.938201e+01,4.160000, 1.916661e+01,
4.170000, 2.018213e+01,4.170000, 1.938201e+01,4.170000, 1.969799e+01,4.170000, 1.927431e+01,
4.180000, 2.066628e+01,4.180000, 1.969799e+01,4.180000, 2.018213e+01,4.180000, 1.938201e+01,
4.190000, 2.115042e+01,4.190000, 2.018213e+01,4.190000, 2.066628e+01,4.190000, 1.969799e+01,
4.200000, 2.163456e+01,4.200000, 2.066628e+01,4.200000, 2.115042e+01,4.200000, 2.018213e+01,
4.210000, 2.196624e+01,4.210000, 2.115042e+01,4.210000, 2.163456e+01,4.210000, 2.066628e+01,
4.220000, 2.217481e+01,4.220000, 2.163456e+01,4.220000, 2.196624e+01,4.220000, 2.115042e+01,
4.230000, 2.238338e+01,4.230000, 2.196624e+01,4.230000, 2.217481e+01,4.230000, 2.163456e+01,
4.240000, 2.259196e+01,4.240000, 2.217481e+01,4.240000, 2.238338e+01,4.240000, 2.196624e+01,
4.250000, 2.280053e+01,4.250000, 2.238338e+01,4.250000, 2.259196e+01,4.250000, 2.217481e+01,
4.260000, 2.264015e+01,4.260000, 2.259196e+01,4.260000, 2.280053e+01,4.260000, 2.238338e+01,
4.270000, 2.218188e+01,4.270000, 2.280053e+01,4.270000, 2.264015e+01,4.270000, 2.259196e+01,
4.280000, 2.172362e+01,4.280000, 2.264015e+01,4.280000, 2.218188e+01,4.280000, 2.280053e+01,
4.290000, 2.126536e+01,4.290000, 2.218188e+01,4.290000, 2.172362e+01,4.290000, 2.264015e+01,
4.300000, 2.080709e+01,4.300000, 2.172362e+01,4.300000, 2.126536e+01,4.300000, 2.218188e+01,
4.310000, 2.031415e+01,4.310000, 2.126536e+01,4.310000, 2.080709e+01,4.310000, 2.172362e+01,
4.320000, 1.979320e+01,4.320000, 2.080709e+01,4.320000, 2.031415e+01,4.320000, 2.126536e+01,
4.330000, 1.927225e+01,4.330000, 2.031415e+01,4.330000, 1.979320e+01,4.330000, 2.080709e+01,
4.340000, 1.875130e+01,4.340000, 1.979320e+01,4.340000, 1.927225e+01,4.340000, 2.031415e+01,
4.350000, 1.823035e+01,4.350000, 1.927225e+01,4.350000, 1.875130e+01,4.350000, 1.979320e+01,
4.360000, 1.780932e+01,4.360000, 1.875130e+01,4.360000, 1.823035e+01,4.360000, 1.927225e+01,
4.370000, 1.746897e+01,4.370000, 1.823035e+01,4.370000, 1.780932e+01,4.370000, 1.875130e+01,
4.380000, 1.712861e+01,4.380000, 1.780932e+01,4.380000, 1.746897e+01,4.380000, 1.823035e+01,
4.390000, 1.678826e+01,4.390000, 1.746897e+01,4.390000, 1.712861e+01,4.390000, 1.780932e+01,
4.400000, 1.644790e+01,4.400000, 1.712861e+01,4.400000, 1.678826e+01,4.400000, 1.746897e+01,
4.410000, 1.600187e+01,4.410000, 1.678826e+01,4.410000, 1.644790e+01,4.410000, 1.712861e+01,
4.420000, 1.547051e+01,4.420000, 1.644790e+01,4.420000, 1.600187e+01,4.420000, 1.678826e+01,
4.430000, 1.493916e+01,4.430000, 1.600187e+01,4.430000, 1.547051e+01,4.430000, 1.644790e+01,
4.440000, 1.440780e+01,4.440000, 1.547051e+01,4.440000, 1.493916e+01,4.440000, 1.600187e+01,
4.450000, 1.387645e+01,4.450000, 1.493916e+01,4.450000, 1.440780e+01,4.450000, 1.547051e+01,
4.460000, 1.344514e+01,4.460000, 1.440780e+01,4.460000, 1.387645e+01,4.460000, 1.493916e+01,
4.470000, 1.309462e+01,4.470000, 1.387645e+01,4.470000, 1.344514e+01,4.470000, 1.440780e+01,
4.480000, 1.274409e+01,4.480000, 1.344514e+01,4.480000, 1.309462e+01,4.480000, 1.387645e+01,
4.490000, 1.239356e+01,4.490000, 1.309462e+01,4.490000, 1.274409e+01,4.490000, 1.344514e+01,
4.500000, 1.204303e+01,4.500000, 1.274409e+01,4.500000, 1.239356e+01,4.500000, 1.309462e+01,
4.510000, 1.167871e+01,4.510000, 1.239356e+01,4.510000, 1.204303e+01,4.510000, 1.274409e+01,
4.520000, 1.130324e+01,4.520000, 1.204303e+01,4.520000, 1.167871e+01,4.520000, 1.239356e+01,
4.530000, 1.092778e+01,4.530000, 1.167871e+01,4.530000, 1.130324e+01,4.530000, 1.204303e+01,
4.540000, 1.055231e+01,4.540000, 1.130324e+01,4.540000, 1.092778e+01,4.540000, 1.167871e+01,
4.550000, 1.017685e+01,4.550000, 1.092778e+01,4.550000, 1.055231e+01,4.550000, 1.130324e+01,
4.560000, 1.007865e+01,4.560000, 1.055231e+01,4.560000, 1.017685e+01,4.560000, 1.092778e+01,
4.570000, 1.020432e+01,4.570000, 1.017685e+01,4.570000, 1.007865e+01,4.570000, 1.055231e+01,
4.580000, 1.032999e+01,4.580000, 1.007865e+01,4.580000, 1.020432e+01,4.580000, 1.017685e+01,
4.590000, 1.045566e+01,4.590000, 1.020432e+01,4.590000, 1.032999e+01,4.590000, 1.007865e+01,
4.600000, 1.058133e+01,4.600000, 1.032999e+01,4.600000, 1.045566e+01,4.600000, 1.020432e+01,
4.610000, 1.044347e+01,4.610000, 1.045566e+01,4.610000, 1.058133e+01,4.610000, 1.032999e+01,
4.620000, 1.009286e+01,4.620000, 1.058133e+01,4.620000, 1.044347e+01,4.620000, 1.045566e+01,
4.630000, 9.742246e+00,4.630000, 1.044347e+01,4.630000, 1.009286e+01,4.630000, 1.058133e+01,
4.640000, 9.391632e+00,4.640000, 1.009286e+01,4.640000, 9.742246e+00,4.640000, 1.044347e+01,
4.650000, 9.041018e+00,4.650000, 9.742246e+00,4.650000, 9.391632e+00,4.650000, 1.009286e+01,
4.660000, 8.691236e+00,4.660000, 9.391632e+00,4.660000, 9.041018e+00,4.660000, 9.742246e+00,
4.670000, 8.342125e+00,4.670000, 9.041018e+00,4.670000, 8.691236e+00,4.670000, 9.391632e+00,
4.680000, 7.993015e+00,4.680000, 8.691236e+00,4.680000, 8.342125e+00,4.680000, 9.041018e+00,
4.690000, 7.643905e+00,4.690000, 8.342125e+00,4.690000, 7.993015e+00,4.690000, 8.691236e+00,
4.700000, 7.294794e+00,4.700000, 7.993015e+00,4.700000, 7.643905e+00,4.700000, 8.342125e+00,
4.710000, 7.114941e+00,4.710000, 7.643905e+00,4.710000, 7.294794e+00,4.710000, 7.993015e+00,
4.720000, 7.071738e+00,4.720000, 7.294794e+00,4.720000, 7.114941e+00,4.720000, 7.643905e+00,
4.730000, 7.028536e+00,4.730000, 7.114941e+00,4.730000, 7.071738e+00,4.730000, 7.294794e+00,
4.740000, 6.985333e+00,4.740000, 7.071738e+00,4.740000, 7.028536e+00,4.740000, 7.114941e+00,
4.750000, 6.942131e+00,4.750000, 7.028536e+00,4.750000, 6.985333e+00,4.750000, 7.071738e+00,
4.760000, 7.171945e+00,4.760000, 6.985333e+00,4.760000, 6.942131e+00,4.760000, 7.028536e+00,
4.770000, 7.622184e+00,4.770000, 6.942131e+00,4.770000, 7.171945e+00,4.770000, 6.985333e+00,
4.780000, 8.072423e+00,4.780000, 7.171945e+00,4.780000, 7.622184e+00,4.780000, 6.942131e+00,
4.790000, 8.522662e+00,4.790000, 7.622184e+00,4.790000, 8.072423e+00,4.790000, 7.171945e+00,
4.800000, 8.972901e+00,4.800000, 8.072423e+00,4.800000, 8.522662e+00,4.800000, 7.622184e+00,
4.810000, 9.131791e+00,4.810000, 8.522662e+00,4.810000, 8.972901e+00,4.810000, 8.072423e+00,
4.820000, 9.055456e+00,4.820000, 8.972901e+00,4.820000, 9.131791e+00,4.820000, 8.522662e+00,
4.830000, 8.979122e+00,4.830000, 9.131791e+00,4.830000, 9.055456e+00,4.830000, 8.972901e+00,
4.840000, 8.902788e+00,4.840000, 9.055456e+00,4.840000, 8.979122e+00,4.840000, 9.131791e+00,
4.850000, 8.826453e+00,4.850000, 8.979122e+00,4.850000, 8.902788e+00,4.850000, 9.055456e+00,
4.860000, 8.776719e+00,4.860000, 8.902788e+00,4.860000, 8.826453e+00,4.860000, 8.979122e+00,
4.870000, 8.748461e+00,4.870000, 8.826453e+00,4.870000, 8.776719e+00,4.870000, 8.902788e+00,
4.880000, 8.720203e+00,4.880000, 8.776719e+00,4.880000, 8.748461e+00,4.880000, 8.826453e+00,
4.890000, 8.691945e+00,4.890000, 8.748461e+00,4.890000, 8.720203e+00,4.890000, 8.776719e+00,
4.900000, 8.663687e+00,4.900000, 8.720203e+00,4.900000, 8.691945e+00,4.900000, 8.748461e+00,
4.910000, 8.825450e+00,4.910000, 8.691945e+00,4.910000, 8.663687e+00,4.910000, 8.720203e+00,
4.920000, 9.140628e+00,4.920000, 8.663687e+00,4.920000, 8.825450e+00,4.920000, 8.691945e+00,
4.930000, 9.455807e+00,4.930000, 8.825450e+00,4.930000, 9.140628e+00,4.930000, 8.663687e+00,
4.940000, 9.770986e+00,4.940000, 9.140628e+00,4.940000, 9.455807e+00,4.940000, 8.825450e+00,
4.950000, 1.008617e+01,4.950000, 9.455807e+00,4.950000, 9.770986e+00,4.950000, 9.140628e+00,
4.960000, 1.020000e+01,4.960000, 9.770986e+00,4.960000, 1.008617e+01,4.960000, 9.455807e+00,
4.970000, 1.015128e+01,4.970000, 1.008617e+01,4.970000, 1.020000e+01,4.970000, 9.770986e+00,
4.980000, 1.010255e+01,4.980000, 1.020000e+01,4.980000, 1.015128e+01,4.980000, 1.008617e+01,
4.990000, 1.005383e+01,4.990000, 1.015128e+01,4.990000, 1.010255e+01,4.990000, 1.020000e+01,
5.000000, 1.000511e+01,5.000000, 1.010255e+01,5.000000, 1.005383e+01,5.000000, 1.015128e+01,
5.010000, 9.852788e+00,5.010000, 1.005383e+01,5.010000, 1.000511e+01,5.010000, 1.010255e+01,
5.020000, 9.616830e+00,5.020000, 1.000511e+01,5.020000, 9.852788e+00,5.020000, 1.005383e+01,
5.030000, 9.380872e+00,5.030000, 9.852788e+00,5.030000, 9.616830e+00,5.030000, 1.000511e+01,
5.040000, 9.144914e+00,5.040000, 9.616830e+00,5.040000, 9.380872e+00,5.040000, 9.852788e+00,
5.050000, 8.908956e+00,5.050000, 9.380872e+00,5.050000, 9.144914e+00,5.050000, 9.616830e+00,
5.060000, 8.568112e+00,5.060000, 9.144914e+00,5.060000, 8.908956e+00,5.060000, 9.380872e+00,
5.070000, 8.142587e+00,5.070000, 8.908956e+00,5.070000, 8.568112e+00,5.070000, 9.144914e+00,
5.080000, 7.717062e+00,5.080000, 8.568112e+00,5.080000, 8.142587e+00,5.080000, 8.908956e+00,
5.090000, 7.291536e+00,5.090000, 8.142587e+00,5.090000, 7.717062e+00,5.090000, 8.568112e+00,
5.100000, 6.866011e+00,5.100000, 7.717062e+00,5.100000, 7.291536e+00,5.100000, 8.142587e+00,
5.110000, 6.721190e+00,5.110000, 7.291536e+00,5.110000, 6.866011e+00,5.110000, 7.717062e+00,
5.120000, 6.802998e+00,5.120000, 6.866011e+00,5.120000, 6.721190e+00,5.120000, 7.291536e+00,
5.130000, 6.884806e+00,5.130000, 6.721190e+00,5.130000, 6.802998e+00,5.130000, 6.866011e+00,
5.140000, 6.966615e+00,5.140000, 6.802998e+00,5.140000, 6.884806e+00,5.140000, 6.721190e+00,
5.150000, 7.048423e+00,5.150000, 6.884806e+00,5.150000, 6.966615e+00,5.150000, 6.802998e+00,
5.160000, 7.053103e+00,5.160000, 6.966615e+00,5.160000, 7.048423e+00,5.160000, 6.884806e+00,
5.170000, 6.995511e+00,5.170000, 7.048423e+00,5.170000, 7.053103e+00,5.170000, 6.966615e+00,
5.180000, 6.937918e+00,5.180000, 7.053103e+00,5.180000, 6.995511e+00,5.180000, 7.048423e+00,
5.190000, 6.880326e+00,5.190000, 6.995511e+00,5.190000, 6.937918e+00,5.190000, 7.053103e+00,
5.200000, 6.822734e+00,5.200000, 6.937918e+00,5.200000, 6.880326e+00,5.200000, 6.995511e+00,
5.210000, 6.583201e+00,5.210000, 6.880326e+00,5.210000, 6.822734e+00,5.210000, 6.937918e+00,
5.220000, 6.196775e+00,5.220000, 6.822734e+00,5.220000, 6.583201e+00,5.220000, 6.880326e+00,
5.230000, 5.810349e+00,5.230000, 6.583201e+00,5.230000, 6.196775e+00,5.230000, 6.822734e+00,
5.240000, 5.423924e+00,5.240000, 6.196775e+00,5.240000, 5.810349e+00,5.240000, 6.583201e+00,
5.250000, 5.037498e+00,5.250000, 5.810349e+00,5.250000, 5.423924e+00,5.250000, 6.196775e+00,
5.260000, 4.836316e+00,5.260000, 5.423924e+00,5.260000, 5.037498e+00,5.260000, 5.810349e+00,
5.270000, 4.784693e+00,5.270000, 5.037498e+00,5.270000, 4.836316e+00,5.270000, 5.423924e+00,
5.280000, 4.733070e+00,5.280000, 4.836316e+00,5.280000, 4.784693e+00,5.280000, 5.037498e+00,
5.290000, 4.681448e+00,5.290000, 4.784693e+00,5.290000, 4.733070e+00,5.290000, 4.836316e+00,
5.300000, 4.629825e+00,5.300000, 4.733070e+00,5.300000, 4.681448e+00,5.300000, 4.784693e+00,
5.310000, 4.669706e+00,5.310000, 4.681448e+00,5.310000, 4.629825e+00,5.310000, 4.733070e+00,
5.320000, 4.783463e+00,5.320000, 4.629825e+00,5.320000, 4.669706e+00,5.320000, 4.681448e+00,
5.330000, 4.897221e+00,5.330000, 4.669706e+00,5.330000, 4.783463e+00,5.330000, 4.629825e+00,
5.340000, 5.010978e+00,5.340000, 4.783463e+00,5.340000, 4.897221e+00,5.340000, 4.669706e+00,
5.350000, 5.124736e+00,5.350000, 4.897221e+00,5.350000, 5.010978e+00,5.350000, 4.783463e+00,
5.360000, 5.306687e+00,5.360000, 5.010978e+00,5.360000, 5.124736e+00,5.360000, 4.897221e+00,
5.370000, 5.543694e+00,5.370000, 5.124736e+00,5.370000, 5.306687e+00,5.370000, 5.010978e+00,
5.380000, 5.780701e+00,5.380000, 5.306687e+00,5.380000, 5.543694e+00,5.380000, 5.124736e+00,
5.390000, 6.017709e+00,5.390000, 5.543694e+00,5.390000, 5.780701e+00,5.390000, 5.306687e+00,
5.400000, 6.254716e+00,5.400000, 5.780701e+00,5.400000, 6.017709e+00,5.400000, 5.543694e+00,
5.410000, 6.437770e+00,5.410000, 6.017709e+00,5.410000, 6.254716e+00,5.410000, 5.780701e+00,
5.420000, 6.577263e+00,5.420000, 6.254716e+00,5.420000, 6.437770e+00,5.420000, 6.017709e+00,
5.430000, 6.716757e+00,5.430000, 6.437770e+00,5.430000, 6.577263e+00,5.430000, 6.254716e+00,
5.440000, 6.856250e+00,5.440000, 6.577263e+00,5.440000, 6.716757e+00,5.440000, 6.437770e+00,
5.450000, 6.995743e+00,5.450000, 6.716757e+00,5.450000, 6.856250e+00,5.450000, 6.577263e+00,
5.460000, 7.385505e+00,5.460000, 6.856250e+00,5.460000, 6.995743e+00,5.460000, 6.716757e+00,
5.470000, 7.977325e+00,5.470000, 6.995743e+00,5.470000, 7.385505e+00,5.470000, 6.856250e+00,
5.480000, 8.569145e+00,5.480000, 7.385505e+00,5.480000, 7.977325e+00,5.480000, 6.995743e+00,
5.490000, 9.160965e+00,5.490000, 7.977325e+00,5.490000, 8.569145e+00,5.490000, 7.385505e+00,
5.500000, 9.752785e+00,5.500000, 8.569145e+00,5.500000, 9.160965e+00,5.500000, 7.977325e+00,
5.510000, 1.002560e+01,5.510000, 9.160965e+00,5.510000, 9.752785e+00,5.510000, 8.569145e+00,
5.520000, 1.004087e+01,5.520000, 9.752785e+00,5.520000, 1.002560e+01,5.520000, 9.160965e+00,
5.530000, 1.005614e+01,5.530000, 1.002560e+01,5.530000, 1.004087e+01,5.530000, 9.752785e+00,
5.540000, 1.007141e+01,5.540000, 1.004087e+01,5.540000, 1.005614e+01,5.540000, 1.002560e+01,
5.550000, 1.008668e+01,5.550000, 1.005614e+01,5.550000, 1.007141e+01,5.550000, 1.004087e+01,
5.560000, 1.013087e+01,5.560000, 1.007141e+01,5.560000, 1.008668e+01,5.560000, 1.005614e+01,
5.570000, 1.019839e+01,5.570000, 1.008668e+01,5.570000, 1.013087e+01,5.570000, 1.007141e+01,
5.580000, 1.026592e+01,5.580000, 1.013087e+01,5.580000, 1.019839e+01,5.580000, 1.008668e+01,
5.590000, 1.033345e+01,5.590000, 1.019839e+01,5.590000, 1.026592e+01,5.590000, 1.013087e+01,
5.600000, 1.040098e+01,5.600000, 1.026592e+01,5.600000, 1.033345e+01,5.600000, 1.019839e+01,
5.610000, 1.058713e+01,5.610000, 1.033345e+01,5.610000, 1.040098e+01,5.610000, 1.026592e+01,
5.620000, 1.086905e+01,5.620000, 1.040098e+01,5.620000, 1.058713e+01,5.620000, 1.033345e+01,
5.630000, 1.115097e+01,5.630000, 1.058713e+01,5.630000, 1.086905e+01,5.630000, 1.040098e+01,
5.640000, 1.143289e+01,5.640000, 1.086905e+01,5.640000, 1.115097e+01,5.640000, 1.058713e+01,
5.650000, 1.171482e+01,5.650000, 1.115097e+01,5.650000, 1.143289e+01,5.650000, 1.086905e+01,
5.660000, 1.230528e+01,5.660000, 1.143289e+01,5.660000, 1.171482e+01,5.660000, 1.115097e+01,
5.670000, 1.314485e+01,5.670000, 1.171482e+01,5.670000, 1.230528e+01,5.670000, 1.143289e+01,
5.680000, 1.398443e+01,5.680000, 1.230528e+01,5.680000, 1.314485e+01,5.680000, 1.171482e+01,
5.690000, 1.482400e+01,5.690000, 1.314485e+01,5.690000, 1.398443e+01,5.690000, 1.230528e+01,
5.700000, 1.566357e+01,5.700000, 1.398443e+01,5.700000, 1.482400e+01,5.700000, 1.314485e+01,
5.710000, 1.598890e+01,5.710000, 1.482400e+01,5.710000, 1.566357e+01,5.710000, 1.398443e+01,
5.720000, 1.589906e+01,5.720000, 1.566357e+01,5.720000, 1.598890e+01,5.720000, 1.482400e+01,
5.730000, 1.580921e+01,5.730000, 1.598890e+01,5.730000, 1.589906e+01,5.730000, 1.566357e+01,
5.740000, 1.571937e+01,5.740000, 1.589906e+01,5.740000, 1.580921e+01,5.740000, 1.598890e+01,
5.750000, 1.562952e+01,5.750000, 1.580921e+01,5.750000, 1.571937e+01,5.750000, 1.589906e+01,
5.760000, 1.578761e+01,5.760000, 1.571937e+01,5.760000, 1.562952e+01,5.760000, 1.580921e+01,
5.770000, 1.614588e+01,5.770000, 1.562952e+01,5.770000, 1.578761e+01,5.770000, 1.571937e+01,
5.780000, 1.650414e+01,5.780000, 1.578761e+01,5.780000, 1.614588e+01,5.780000, 1.562952e+01,
5.790000, 1.686241e+01,5.790000, 1.614588e+01,5.790000, 1.650414e+01,5.790000, 1.578761e+01,
5.800000, 1.722067e+01,5.800000, 1.650414e+01,5.800000, 1.686241e+01,5.800000, 1.614588e+01,
5.810000, 1.774324e+01,5.810000, 1.686241e+01,5.810000, 1.722067e+01,5.810000, 1.650414e+01,
5.820000, 1.839845e+01,5.820000, 1.722067e+01,5.820000, 1.774324e+01,5.820000, 1.686241e+01,
5.830000, 1.905366e+01,5.830000, 1.774324e+01,5.830000, 1.839845e+01,5.830000, 1.722067e+01,
5.840000, 1.970887e+01,5.840000, 1.839845e+01,5.840000, 1.905366e+01,5.840000, 1.774324e+01,
5.850000, 2.036409e+01,5.850000, 1.905366e+01,5.850000, 1.970887e+01,5.850000, 1.839845e+01,
5.860000, 2.081522e+01,5.860000, 1.970887e+01,5.860000, 2.036409e+01,5.860000, 1.905366e+01,
5.870000, 2.110159e+01,5.870000, 2.036409e+01,5.870000, 2.081522e+01,5.870000, 1.970887e+01,
5.880000, 2.138796e+01,5.880000, 2.081522e+01,5.880000, 2.110159e+01,5.880000, 2.036409e+01,
5.890000, 2.167434e+01,5.890000, 2.110159e+01,5.890000, 2.138796e+01,5.890000, 2.081522e+01,
5.900000, 2.196071e+01,5.900000, 2.138796e+01,5.900000, 2.167434e+01,5.900000, 2.110159e+01,
5.910000, 2.216838e+01,5.910000, 2.167434e+01,5.910000, 2.196071e+01,5.910000, 2.138796e+01,
5.920000, 2.231253e+01,5.920000, 2.196071e+01,5.920000, 2.216838e+01,5.920000, 2.167434e+01,
5.930000, 2.245667e+01,5.930000, 2.216838e+01,5.930000, 2.231253e+01,5.930000, 2.196071e+01,
5.940000, 2.260081e+01,5.940000, 2.231253e+01,5.940000, 2.245667e+01,5.940000, 2.216838e+01,
5.950000, 2.274495e+01,5.950000, 2.245667e+01,5.950000, 2.260081e+01,5.950000, 2.231253e+01,
5.960000, 2.343035e+01,5.960000, 2.260081e+01,5.960000, 2.274495e+01,5.960000, 2.245667e+01,
5.970000, 2.455274e+01,5.970000, 2.274495e+01,5.970000, 2.343035e+01,5.970000, 2.260081e+01,
5.980000, 2.567513e+01,5.980000, 2.343035e+01,5.980000, 2.455274e+01,5.980000, 2.274495e+01,
5.990000, 2.679752e+01,5.990000, 2.455274e+01,5.990000, 2.567513e+01,5.990000, 2.343035e+01,
6.000000, 2.791991e+01,6.000000, 2.567513e+01,6.000000, 2.679752e+01,6.000000, 2.455274e+01,
6.010000, 2.917618e+01,6.010000, 2.679752e+01,6.010000, 2.791991e+01,6.010000, 2.567513e+01,
6.020000, 3.054056e+01,6.020000, 2.791991e+01,6.020000, 2.917618e+01,6.020000, 2.679752e+01,
6.030000, 3.190494e+01,6.030000, 2.917618e+01,6.030000, 3.054056e+01,6.030000, 2.791991e+01,
6.040000, 3.326932e+01,6.040000, 3.054056e+01,6.040000, 3.190494e+01,6.040000, 2.917618e+01,
6.050000, 3.463369e+01,6.050000, 3.190494e+01,6.050000, 3.326932e+01,6.050000, 3.054056e+01,
6.060000, 3.535209e+01,6.060000, 3.326932e+01,6.060000, 3.463369e+01,6.060000, 3.190494e+01,
6.070000, 3.554894e+01,6.070000, 3.463369e+01,6.070000, 3.535209e+01,6.070000, 3.326932e+01,
6.080000, 3.574579e+01,6.080000, 3.535209e+01,6.080000, 3.554894e+01,6.080000, 3.463369e+01,
6.090000, 3.594265e+01,6.090000, 3.554894e+01,6.090000, 3.574579e+01,6.090000, 3.535209e+01,
6.100000, 3.613950e+01,6.100000, 3.574579e+01,6.100000, 3.594265e+01,6.100000, 3.554894e+01,
6.110000, 3.650777e+01,6.110000, 3.594265e+01,6.110000, 3.613950e+01,6.110000, 3.574579e+01,
6.120000, 3.701443e+01,6.120000, 3.613950e+01,6.120000, 3.650777e+01,6.120000, 3.594265e+01,
6.130000, 3.752109e+01,6.130000, 3.650777e+01,6.130000, 3.701443e+01,6.130000, 3.613950e+01,
6.140000, 3.802775e+01,6.140000, 3.701443e+01,6.140000, 3.752109e+01,6.140000, 3.650777e+01,
6.150000, 3.853442e+01,6.150000, 3.752109e+01,6.150000, 3.802775e+01,6.150000, 3.701443e+01,
6.160000, 3.815087e+01,6.160000, 3.802775e+01,6.160000, 3.853442e+01,6.160000, 3.752109e+01,
6.170000, 3.704860e+01,6.170000, 3.853442e+01,6.170000, 3.815087e+01,6.170000, 3.802775e+01,
6.180000, 3.594634e+01,6.180000, 3.815087e+01,6.180000, 3.704860e+01,6.180000, 3.853442e+01,
6.190000, 3.484407e+01,6.190000, 3.704860e+01,6.190000, 3.594634e+01,6.190000, 3.815087e+01,
6.200000, 3.374180e+01,6.200000, 3.594634e+01,6.200000, 3.484407e+01,6.200000, 3.704860e+01,
6.210000, 3.321149e+01,6.210000, 3.484407e+01,6.210000, 3.374180e+01,6.210000, 3.594634e+01,
6.220000, 3.314295e+01,6.220000, 3.374180e+01,6.220000, 3.321149e+01,6.220000, 3.484407e+01,
6.230000, 3.307441e+01,6.230000, 3.321149e+01,6.230000, 3.314295e+01,6.230000, 3.374180e+01,
6.240000, 3.300587e+01,6.240000, 3.314295e+01,6.240000, 3.307441e+01,6.240000, 3.321149e+01,
6.250000, 3.293733e+01,6.250000, 3.307441e+01,6.250000, 3.300587e+01,6.250000, 3.314295e+01,
6.260000, 3.374111e+01,6.260000, 3.300587e+01,6.260000, 3.293733e+01,6.260000, 3.307441e+01,
6.270000, 3.524917e+01,6.270000, 3.293733e+01,6.270000, 3.374111e+01,6.270000, 3.300587e+01,
6.280000, 3.675723e+01,6.280000, 3.374111e+01,6.280000, 3.524917e+01,6.280000, 3.293733e+01,
6.290000, 3.826529e+01,6.290000, 3.524917e+01,6.290000, 3.675723e+01,6.290000, 3.374111e+01,
6.300000, 3.977335e+01,6.300000, 3.675723e+01,6.300000, 3.826529e+01,6.300000, 3.524917e+01,
6.310000, 3.996154e+01,6.310000, 3.826529e+01,6.310000, 3.977335e+01,6.310000, 3.675723e+01,
6.320000, 3.908412e+01,6.320000, 3.977335e+01,6.320000, 3.996154e+01,6.320000, 3.826529e+01,
6.330000, 3.820670e+01,6.330000, 3.996154e+01,6.330000, 3.908412e+01,6.330000, 3.977335e+01,
6.340000, 3.732927e+01,6.340000, 3.908412e+01,6.340000, 3.820670e+01,6.340000, 3.996154e+01,
6.350000, 3.645185e+01,6.350000, 3.820670e+01,6.350000, 3.732927e+01,6.350000, 3.908412e+01,
6.360000, 3.572600e+01,6.360000, 3.732927e+01,6.360000, 3.645185e+01,6.360000, 3.820670e+01,
6.370000, 3.512251e+01,6.370000, 3.645185e+01,6.370000, 3.572600e+01,6.370000, 3.732927e+01,
6.380000, 3.451903e+01,6.380000, 3.572600e+01,6.380000, 3.512251e+01,6.380000, 3.645185e+01,
6.390000, 3.391555e+01,6.390000, 3.512251e+01,6.390000, 3.451903e+01,6.390000, 3.572600e+01,
6.400000, 3.331206e+01,6.400000, 3.451903e+01,6.400000, 3.391555e+01,6.400000, 3.512251e+01,
6.410000, 3.308748e+01,6.410000, 3.391555e+01,6.410000, 3.331206e+01,6.410000, 3.451903e+01,
6.420000, 3.316881e+01,6.420000, 3.331206e+01,6.420000, 3.308748e+01,6.420000, 3.391555e+01,
6.430000, 3.325014e+01,6.430000, 3.308748e+01,6.430000, 3.316881e+01,6.430000, 3.331206e+01,
6.440000, 3.333147e+01,6.440000, 3.316881e+01,6.440000, 3.325014e+01,6.440000, 3.308748e+01,
6.450000, 3.341279e+01,6.450000, 3.325014e+01,6.450000, 3.333147e+01,6.450000, 3.316881e+01,
6.460000, 3.297564e+01,6.460000, 3.333147e+01,6.460000, 3.341279e+01,6.460000, 3.325014e+01,
6.470000, 3.211988e+01,6.470000, 3.341279e+01,6.470000, 3.297564e+01,6.470000, 3.333147e+01,
6.480000, 3.126412e+01,6.480000, 3.297564e+01,6.480000, 3.211988e+01,6.480000, 3.341279e+01,
6.490000, 3.040836e+01,6.490000, 3.211988e+01,6.490000, 3.126412e+01,6.490000, 3.297564e+01,
6.500000, 2.955260e+01,6.500000, 3.126412e+01,6.500000, 3.040836e+01,6.500000, 3.211988e+01,
6.510000, 2.885387e+01,6.510000, 3.040836e+01,6.510000, 2.955260e+01,6.510000, 3.126412e+01,
6.520000, 2.828192e+01,6.520000, 2.955260e+01,6.520000, 2.885387e+01,6.520000, 3.040836e+01,
6.530000, 2.770996e+01,6.530000, 2.885387e+01,6.530000, 2.828192e+01,6.530000, 2.955260e+01,
6.540000, 2.713801e+01,6.540000, 2.828192e+01,6.540000, 2.770996e+01,6.540000, 2.885387e+01,
6.550000, 2.656605e+01,6.550000, 2.770996e+01,6.550000, 2.713801e+01,6.550000, 2.828192e+01,
6.560000, 2.635086e+01,6.560000, 2.713801e+01,6.560000, 2.656605e+01,6.560000, 2.770996e+01,
6.570000, 2.642371e+01,6.570000, 2.656605e+01,6.570000, 2.635086e+01,6.570000, 2.713801e+01,
6.580000, 2.649655e+01,6.580000, 2.635086e+01,6.580000, 2.642371e+01,6.580000, 2.656605e+01,
6.590000, 2.656940e+01,6.590000, 2.642371e+01,6.590000, 2.649655e+01,6.590000, 2.635086e+01,
6.600000, 2.664225e+01,6.600000, 2.649655e+01,6.600000, 2.656940e+01,6.600000, 2.642371e+01,
6.610000, 2.656292e+01,6.610000, 2.656940e+01,6.610000, 2.664225e+01,6.610000, 2.649655e+01,
6.620000, 2.636072e+01,6.620000, 2.664225e+01,6.620000, 2.656292e+01,6.620000, 2.656940e+01,
6.630000, 2.615852e+01,6.630000, 2.656292e+01,6.630000, 2.636072e+01,6.630000, 2.664225e+01,
6.640000, 2.595632e+01,6.640000, 2.636072e+01,6.640000, 2.615852e+01,6.640000, 2.656292e+01,
6.650000, 2.575412e+01,6.650000, 2.615852e+01,6.650000, 2.595632e+01,6.650000, 2.636072e+01,
6.660000, 2.553801e+01,6.660000, 2.595632e+01,6.660000, 2.575412e+01,6.660000, 2.615852e+01,
6.670000, 2.531067e+01,6.670000, 2.575412e+01,6.670000, 2.553801e+01,6.670000, 2.595632e+01,
6.680000, 2.508332e+01,6.680000, 2.553801e+01,6.680000, 2.531067e+01,6.680000, 2.575412e+01,
6.690000, 2.485598e+01,6.690000, 2.531067e+01,6.690000, 2.508332e+01,6.690000, 2.553801e+01,
6.700000, 2.462864e+01,6.700000, 2.508332e+01,6.700000, 2.485598e+01,6.700000, 2.531067e+01,
6.710000, 2.480439e+01,6.710000, 2.485598e+01,6.710000, 2.462864e+01,6.710000, 2.508332e+01,
6.720000, 2.530558e+01,6.720000, 2.462864e+01,6.720000, 2.480439e+01,6.720000, 2.485598e+01,
6.730000, 2.580678e+01,6.730000, 2.480439e+01,6.730000, 2.530558e+01,6.730000, 2.462864e+01,
6.740000, 2.630797e+01,6.740000, 2.530558e+01,6.740000, 2.580678e+01,6.740000, 2.480439e+01,
6.750000, 2.680916e+01,6.750000, 2.580678e+01,6.750000, 2.630797e+01,6.750000, 2.530558e+01,
6.760000, 2.720315e+01,6.760000, 2.630797e+01,6.760000, 2.680916e+01,6.760000, 2.580678e+01,
6.770000, 2.751060e+01,6.770000, 2.680916e+01,6.770000, 2.720315e+01,6.770000, 2.630797e+01,
6.780000, 2.781804e+01,6.780000, 2.720315e+01,6.780000, 2.751060e+01,6.780000, 2.680916e+01,
6.790000, 2.812548e+01,6.790000, 2.751060e+01,6.790000, 2.781804e+01,6.790000, 2.720315e+01,
6.800000, 2.843292e+01,6.800000, 2.781804e+01,6.800000, 2.812548e+01,6.800000, 2.751060e+01,
6.810000, 2.805242e+01,6.810000, 2.812548e+01,6.810000, 2.843292e+01,6.810000, 2.781804e+01,
6.820000, 2.711651e+01,6.820000, 2.843292e+01,6.820000, 2.805242e+01,6.820000, 2.812548e+01,
6.830000, 2.618059e+01,6.830000, 2.805242e+01,6.830000, 2.711651e+01,6.830000, 2.843292e+01,
6.840000, 2.524468e+01,6.840000, 2.711651e+01,6.840000, 2.618059e+01,6.840000, 2.805242e+01,
6.850000, 2.430876e+01,6.850000, 2.618059e+01,6.850000, 2.524468e+01,6.850000, 2.711651e+01,
6.860000, 2.330886e+01,6.860000, 2.524468e+01,6.860000, 2.430876e+01,6.860000, 2.618059e+01,
6.870000, 2.225730e+01,6.870000, 2.430876e+01,6.870000, 2.330886e+01,6.870000, 2.524468e+01,
6.880000, 2.120573e+01,6.880000, 2.330886e+01,6.880000, 2.225730e+01,6.880000, 2.430876e+01,
6.890000, 2.015417e+01,6.890000, 2.225730e+01,6.890000, 2.120573e+01,6.890000, 2.330886e+01,
6.900000, 1.910260e+01,6.900000, 2.120573e+01,6.900000, 2.015417e+01,6.900000, 2.225730e+01,
6.910000, 1.867606e+01,6.910000, 2.015417e+01,6.910000, 1.910260e+01,6.910000, 2.120573e+01,
6.920000, 1.875414e+01,6.920000, 1.910260e+01,6.920000, 1.867606e+01,6.920000, 2.015417e+01,
6.930000, 1.883222e+01,6.930000, 1.867606e+01,6.930000, 1.875414e+01,6.930000, 1.910260e+01,
6.940000, 1.891029e+01,6.940000, 1.875414e+01,6.940000, 1.883222e+01,6.940000, 1.867606e+01,
6.950000, 1.898837e+01,6.950000, 1.883222e+01,6.950000, 1.891029e+01,6.950000, 1.875414e+01,
6.960000, 1.907249e+01,6.960000, 1.891029e+01,6.960000, 1.898837e+01,6.960000, 1.883222e+01,
6.970000, 1.916149e+01,6.970000, 1.898837e+01,6.970000, 1.907249e+01,6.970000, 1.891029e+01,
6.980000, 1.925050e+01,6.980000, 1.907249e+01,6.980000, 1.916149e+01,6.980000, 1.898837e+01,
6.990000, 1.933950e+01,6.990000, 1.916149e+01,6.990000, 1.925050e+01,6.990000, 1.907249e+01,
7.000000, 1.942850e+01,7.000000, 1.925050e+01,7.000000, 1.933950e+01,7.000000, 1.916149e+01,
7.010000, 1.908857e+01,7.010000, 1.933950e+01,7.010000, 1.942850e+01,7.010000, 1.925050e+01,
7.020000, 1.840235e+01,7.020000, 1.942850e+01,7.020000, 1.908857e+01,7.020000, 1.933950e+01,
7.030000, 1.771613e+01,7.030000, 1.908857e+01,7.030000, 1.840235e+01,7.030000, 1.942850e+01,
7.040000, 1.702991e+01,7.040000, 1.840235e+01,7.040000, 1.771613e+01,7.040000, 1.908857e+01,
7.050000, 1.634369e+01,7.050000, 1.771613e+01,7.050000, 1.702991e+01,7.050000, 1.840235e+01,
7.060000, 1.591482e+01,7.060000, 1.702991e+01,7.060000, 1.634369e+01,7.060000, 1.771613e+01,
7.070000, 1.569373e+01,7.070000, 1.634369e+01,7.070000, 1.591482e+01,7.070000, 1.702991e+01,
7.080000, 1.547265e+01,7.080000, 1.591482e+01,7.080000, 1.569373e+01,7.080000, 1.634369e+01,
7.090000, 1.525156e+01,7.090000, 1.569373e+01,7.090000, 1.547265e+01,7.090000, 1.591482e+01,
7.100000, 1.503047e+01,7.100000, 1.547265e+01,7.100000, 1.525156e+01,7.100000, 1.569373e+01,
7.110000, 1.510544e+01,7.110000, 1.525156e+01,7.110000, 1.503047e+01,7.110000, 1.547265e+01,
7.120000, 1.541942e+01,7.120000, 1.503047e+01,7.120000, 1.510544e+01,7.120000, 1.525156e+01,
7.130000, 1.573341e+01,7.130000, 1.510544e+01,7.130000, 1.541942e+01,7.130000, 1.503047e+01,
7.140000, 1.604740e+01,7.140000, 1.541942e+01,7.140000, 1.573341e+01,7.140000, 1.510544e+01,
7.150000, 1.636139e+01,7.150000, 1.573341e+01,7.150000, 1.604740e+01,7.150000, 1.541942e+01,
7.160000, 1.648421e+01,7.160000, 1.604740e+01,7.160000, 1.636139e+01,7.160000, 1.573341e+01,
7.170000, 1.645270e+01,7.170000, 1.636139e+01,7.170000, 1.648421e+01,7.170000, 1.604740e+01,
7.180000, 1.642118e+01,7.180000, 1.648421e+01,7.180000, 1.645270e+01,7.180000, 1.636139e+01,
7.190000, 1.638966e+01,7.190000, 1.645270e+01,7.190000, 1.642118e+01,7.190000, 1.648421e+01,
7.200000, 1.635815e+01,7.200000, 1.642118e+01,7.200000, 1.638966e+01,7.200000, 1.645270e+01,
7.210000, 1.628882e+01,7.210000, 1.638966e+01,7.210000, 1.635815e+01,7.210000, 1.642118e+01,
7.220000, 1.618897e+01,7.220000, 1.635815e+01,7.220000, 1.628882e+01,7.220000, 1.638966e+01,
7.230000, 1.608911e+01,7.230000, 1.628882e+01,7.230000, 1.618897e+01,7.230000, 1.635815e+01,
7.240000, 1.598925e+01,7.240000, 1.618897e+01,7.240000, 1.608911e+01,7.240000, 1.628882e+01,
7.250000, 1.588940e+01,7.250000, 1.608911e+01,7.250000, 1.598925e+01,7.250000, 1.618897e+01,
7.260000, 1.572117e+01,7.260000, 1.598925e+01,7.260000, 1.588940e+01,7.260000, 1.608911e+01,
7.270000, 1.549773e+01,7.270000, 1.588940e+01,7.270000, 1.572117e+01,7.270000, 1.598925e+01,
7.280000, 1.527429e+01,7.280000, 1.572117e+01,7.280000, 1.549773e+01,7.280000, 1.588940e+01,
7.290000, 1.505085e+01,7.290000, 1.549773e+01,7.290000, 1.527429e+01,7.290000, 1.572117e+01,
7.300000, 1.482742e+01,7.300000, 1.527429e+01,7.300000, 1.505085e+01,7.300000, 1.549773e+01,
7.310000, 1.456652e+01,7.310000, 1.505085e+01,7.310000, 1.482742e+01,7.310000, 1.527429e+01,
7.320000, 1.427539e+01,7.320000, 1.482742e+01,7.320000, 1.456652e+01,7.320000, 1.505085e+01,
7.330000, 1.398425e+01,7.330000, 1.456652e+01,7.330000, 1.427539e+01,7.330000, 1.482742e+01,
7.340000, 1.369311e+01,7.340000, 1.427539e+01,7.340000, 1.398425e+01,7.340000, 1.456652e+01,
7.350000, 1.340198e+01,7.350000, 1.398425e+01,7.350000, 1.369311e+01,7.350000, 1.427539e+01,
7.360000, 1.293292e+01,7.360000, 1.369311e+01,7.360000, 1.340198e+01,7.360000, 1.398425e+01,
7.370000, 1.232022e+01,7.370000, 1.340198e+01,7.370000, 1.293292e+01,7.370000, 1.369311e+01,
7.380000, 1.170753e+01,7.380000, 1.293292e+01,7.380000, 1.232022e+01,7.380000, 1.340198e+01,
7.390000, 1.109483e+01,7.390000, 1.232022e+01,7.390000, 1.170753e+01,7.390000, 1.293292e+01,
7.400000, 1.048213e+01,7.400000, 1.170753e+01,7.400000, 1.109483e+01,7.400000, 1.232022e+01,
7.410000, 1.040395e+01,7.410000, 1.109483e+01,7.410000, 1.048213e+01,7.410000, 1.170753e+01,
7.420000, 1.075732e+01,7.420000, 1.048213e+01,7.420000, 1.040395e+01,7.420000, 1.109483e+01,
7.430000, 1.111069e+01,7.430000, 1.040395e+01,7.430000, 1.075732e+01,7.430000, 1.048213e+01,
7.440000, 1.146406e+01,7.440000, 1.075732e+01,7.440000, 1.111069e+01,7.440000, 1.040395e+01,
7.450000, 1.181744e+01,7.450000, 1.111069e+01,7.450000, 1.146406e+01,7.450000, 1.075732e+01,
7.460000, 1.216708e+01,7.460000, 1.146406e+01,7.460000, 1.181744e+01,7.460000, 1.111069e+01,
7.470000, 1.251372e+01,7.470000, 1.181744e+01,7.470000, 1.216708e+01,7.470000, 1.146406e+01,
7.480000, 1.286035e+01,7.480000, 1.216708e+01,7.480000, 1.251372e+01,7.480000, 1.181744e+01,
7.490000, 1.320699e+01,7.490000, 1.251372e+01,7.490000, 1.286035e+01,7.490000, 1.216708e+01,
7.500000, 1.355363e+01,7.500000, 1.286035e+01,7.500000, 1.320699e+01,7.500000, 1.251372e+01,
7.510000, 1.363138e+01,7.510000, 1.320699e+01,7.510000, 1.355363e+01,7.510000, 1.286035e+01,
7.520000, 1.349203e+01,7.520000, 1.355363e+01,7.520000, 1.363138e+01,7.520000, 1.320699e+01,
7.530000, 1.335269e+01,7.530000, 1.363138e+01,7.530000, 1.349203e+01,7.530000, 1.355363e+01,
7.540000, 1.321334e+01,7.540000, 1.349203e+01,7.540000, 1.335269e+01,7.540000, 1.363138e+01,
7.550000, 1.307400e+01,7.550000, 1.335269e+01,7.550000, 1.321334e+01,7.550000, 1.349203e+01,
7.560000, 1.296862e+01,7.560000, 1.321334e+01,7.560000, 1.307400e+01,7.560000, 1.335269e+01,
7.570000, 1.289065e+01,7.570000, 1.307400e+01,7.570000, 1.296862e+01,7.570000, 1.321334e+01,
7.580000, 1.281269e+01,7.580000, 1.296862e+01,7.580000, 1.289065e+01,7.580000, 1.307400e+01,
7.590000, 1.273473e+01,7.590000, 1.289065e+01,7.590000, 1.281269e+01,7.590000, 1.296862e+01,
7.600000, 1.265677e+01,7.600000, 1.281269e+01,7.600000, 1.273473e+01,7.600000, 1.289065e+01,
7.610000, 1.266086e+01,7.610000, 1.273473e+01,7.610000, 1.265677e+01,7.610000, 1.281269e+01,
7.620000, 1.273121e+01,7.620000, 1.265677e+01,7.620000, 1.266086e+01,7.620000, 1.273473e+01,
7.630000, 1.280156e+01,7.630000, 1.266086e+01,7.630000, 1.273121e+01,7.630000, 1.265677e+01,
7.640000, 1.287190e+01,7.640000, 1.273121e+01,7.640000, 1.280156e+01,7.640000, 1.266086e+01,
7.650000, 1.294225e+01,7.650000, 1.280156e+01,7.650000, 1.287190e+01,7.650000, 1.273121e+01,
7.660000, 1.266313e+01,7.660000, 1.287190e+01,7.660000, 1.294225e+01,7.660000, 1.280156e+01,
7.670000, 1.210185e+01,7.670000, 1.294225e+01,7.670000, 1.266313e+01,7.670000, 1.287190e+01,
7.680000, 1.154057e+01,7.680000, 1.266313e+01,7.680000, 1.210185e+01,7.680000, 1.294225e+01,
7.690000, 1.097930e+01,7.690000, 1.210185e+01,7.690000, 1.154057e+01,7.690000, 1.266313e+01,
7.700000, 1.041802e+01,7.700000, 1.154057e+01,7.700000, 1.097930e+01,7.700000, 1.210185e+01,
7.710000, 1.001185e+01,7.710000, 1.097930e+01,7.710000, 1.041802e+01,7.710000, 1.154057e+01,
7.720000, 9.730894e+00,7.720000, 1.041802e+01,7.720000, 1.001185e+01,7.720000, 1.097930e+01,
7.730000, 9.449941e+00,7.730000, 1.001185e+01,7.730000, 9.730894e+00,7.730000, 1.041802e+01,
7.740000, 9.168988e+00,7.740000, 9.730894e+00,7.740000, 9.449941e+00,7.740000, 1.001185e+01,
7.750000, 8.888035e+00,7.750000, 9.449941e+00,7.750000, 9.168988e+00,7.750000, 9.730894e+00,
7.760000, 8.804942e+00,7.760000, 9.168988e+00,7.760000, 8.888035e+00,7.760000, 9.449941e+00,
7.770000, 8.881595e+00,7.770000, 8.888035e+00,7.770000, 8.804942e+00,7.770000, 9.168988e+00,
7.780000, 8.958248e+00,7.780000, 8.804942e+00,7.780000, 8.881595e+00,7.780000, 8.888035e+00,
7.790000, 9.034901e+00,7.790000, 8.881595e+00,7.790000, 8.958248e+00,7.790000, 8.804942e+00,
7.800000, 9.111554e+00,7.800000, 8.958248e+00,7.800000, 9.034901e+00,7.800000, 8.881595e+00,
7.810000, 9.281949e+00,7.810000, 9.034901e+00,7.810000, 9.111554e+00,7.810000, 8.958248e+00,
7.820000, 9.528027e+00,7.820000, 9.111554e+00,7.820000, 9.281949e+00,7.820000, 9.034901e+00,
7.830000, 9.774104e+00,7.830000, 9.281949e+00,7.830000, 9.528027e+00,7.830000, 9.111554e+00,
7.840000, 1.002018e+01,7.840000, 9.528027e+00,7.840000, 9.774104e+00,7.840000, 9.281949e+00,
7.850000, 1.026626e+01,7.850000, 9.774104e+00,7.850000, 1.002018e+01,7.850000, 9.528027e+00,
7.860000, 1.050109e+01,7.860000, 1.002018e+01,7.860000, 1.026626e+01,7.860000, 9.774104e+00,
7.870000, 1.072683e+01,7.870000, 1.026626e+01,7.870000, 1.050109e+01,7.870000, 1.002018e+01,
7.880000, 1.095257e+01,7.880000, 1.050109e+01,7.880000, 1.072683e+01,7.880000, 1.026626e+01,
7.890000, 1.117831e+01,7.890000, 1.072683e+01,7.890000, 1.095257e+01,7.890000, 1.050109e+01,
7.900000, 1.140405e+01,7.900000, 1.095257e+01,7.900000, 1.117831e+01,7.900000, 1.072683e+01,
7.910000, 1.149025e+01,7.910000, 1.117831e+01,7.910000, 1.140405e+01,7.910000, 1.095257e+01,
7.920000, 1.146378e+01,7.920000, 1.140405e+01,7.920000, 1.149025e+01,7.920000, 1.117831e+01,
7.930000, 1.143731e+01,7.930000, 1.149025e+01,7.930000, 1.146378e+01,7.930000, 1.140405e+01,
7.940000, 1.141084e+01,7.940000, 1.146378e+01,7.940000, 1.143731e+01,7.940000, 1.149025e+01,
7.950000, 1.138438e+01,7.950000, 1.143731e+01,7.950000, 1.141084e+01,7.950000, 1.146378e+01,
7.960000, 1.120468e+01,7.960000, 1.141084e+01,7.960000, 1.138438e+01,7.960000, 1.143731e+01,
7.970000, 1.090128e+01,7.970000, 1.138438e+01,7.970000, 1.120468e+01,7.970000, 1.141084e+01,
7.980000, 1.059787e+01,7.980000, 1.120468e+01,7.980000, 1.090128e+01,7.980000, 1.138438e+01,
7.990000, 1.029447e+01,7.990000, 1.090128e+01,7.990000, 1.059787e+01,7.990000, 1.120468e+01,
8.000000, 9.991060e+00,8.000000, 1.059787e+01,8.000000, 1.029447e+01,8.000000, 1.090128e+01,
8.010000, 9.926700e+00,8.010000, 1.029447e+01,8.010000, 9.991060e+00,8.010000, 1.059787e+01,
8.020000, 1.005534e+01,8.020000, 9.991060e+00,8.020000, 9.926700e+00,8.020000, 1.029447e+01,
8.030000, 1.018397e+01,8.030000, 9.926700e+00,8.030000, 1.005534e+01,8.030000, 9.991060e+00,
8.040000, 1.031261e+01,8.040000, 1.005534e+01,8.040000, 1.018397e+01,8.040000, 9.926700e+00,
8.050000, 1.044125e+01,8.050000, 1.018397e+01,8.050000, 1.031261e+01,8.050000, 1.005534e+01,
8.060000, 1.050241e+01,8.060000, 1.031261e+01,8.060000, 1.044125e+01,8.060000, 1.018397e+01,
8.070000, 1.050909e+01,8.070000, 1.044125e+01,8.070000, 1.050241e+01,8.070000, 1.031261e+01,
8.080000, 1.051577e+01,8.080000, 1.050241e+01,8.080000, 1.050909e+01,8.080000, 1.044125e+01,
8.090000, 1.052245e+01,8.090000, 1.050909e+01,8.090000, 1.051577e+01,8.090000, 1.050241e+01,
8.100000, 1.052914e+01,8.100000, 1.051577e+01,8.100000, 1.052245e+01,8.100000, 1.050909e+01,
8.110000, 1.055446e+01,8.110000, 1.052245e+01,8.110000, 1.052914e+01,8.110000, 1.051577e+01,
8.120000, 1.059485e+01,8.120000, 1.052914e+01,8.120000, 1.055446e+01,8.120000, 1.052245e+01,
8.130000, 1.063523e+01,8.130000, 1.055446e+01,8.130000, 1.059485e+01,8.130000, 1.052914e+01,
8.140000, 1.067561e+01,8.140000, 1.059485e+01,8.140000, 1.063523e+01,8.140000, 1.055446e+01,
8.150000, 1.071599e+01,8.150000, 1.063523e+01,8.150000, 1.067561e+01,8.150000, 1.059485e+01,
8.160000, 1.077304e+01,8.160000, 1.067561e+01,8.160000, 1.071599e+01,8.160000, 1.063523e+01,
8.170000, 1.084356e+01,8.170000, 1.071599e+01,8.170000, 1.077304e+01,8.170000, 1.067561e+01,
8.180000, 1.091407e+01,8.180000, 1.077304e+01,8.180000, 1.084356e+01,8.180000, 1.071599e+01,
8.190000, 1.098458e+01,8.190000, 1.084356e+01,8.190000, 1.091407e+01,8.190000, 1.077304e+01,
8.200000, 1.105510e+01,8.200000, 1.091407e+01,8.200000, 1.098458e+01,8.200000, 1.084356e+01,
8.210000, 1.129163e+01,8.210000, 1.098458e+01,8.210000, 1.105510e+01,8.210000, 1.091407e+01,
8.220000, 1.166220e+01,8.220000, 1.105510e+01,8.220000, 1.129163e+01,8.220000, 1.098458e+01,
8.230000, 1.203277e+01,8.230000, 1.129163e+01,8.230000, 1.166220e+01,8.230000, 1.105510e+01,
8.240000, 1.240334e+01,8.240000, 1.166220e+01,8.240000, 1.203277e+01,8.240000, 1.129163e+01,
8.250000, 1.277391e+01,8.250000, 1.203277e+01,8.250000, 1.240334e+01,8.250000, 1.166220e+01,
8.260000, 1.306411e+01,8.260000, 1.240334e+01,8.260000, 1.277391e+01,8.260000, 1.203277e+01,
8.270000, 1.328941e+01,8.270000, 1.277391e+01,8.270000, 1.306411e+01,8.270000, 1.240334e+01,
8.280000, 1.351471e+01,8.280000, 1.306411e+01,8.280000, 1.328941e+01,8.280000, 1.277391e+01,
8.290000, 1.374001e+01,8.290000, 1.328941e+01,8.290000, 1.351471e+01,8.290000, 1.306411e+01,
8.300000, 1.396531e+01,8.300000, 1.351471e+01,8.300000, 1.374001e+01,8.300000, 1.328941e+01,
8.310000, 1.477779e+01,8.310000, 1.374001e+01,8.310000, 1.396531e+01,8.310000, 1.351471e+01,
8.320000, 1.606432e+01,8.320000, 1.396531e+01,8.320000, 1.477779e+01,8.320000, 1.374001e+01,
8.330000, 1.735086e+01,8.330000, 1.477779e+01,8.330000, 1.606432e+01,8.330000, 1.396531e+01,
8.340000, 1.863740e+01,8.340000, 1.606432e+01,8.340000, 1.735086e+01,8.340000, 1.477779e+01,
8.350000, 1.992393e+01,8.350000, 1.735086e+01,8.350000, 1.863740e+01,8.350000, 1.606432e+01,
8.360000, 2.063350e+01,8.360000, 1.863740e+01,8.360000, 1.992393e+01,8.360000, 1.735086e+01,
8.370000, 2.087724e+01,8.370000, 1.992393e+01,8.370000, 2.063350e+01,8.370000, 1.863740e+01,
8.380000, 2.112099e+01,8.380000, 2.063350e+01,8.380000, 2.087724e+01,8.380000, 1.992393e+01,
8.390000, 2.136473e+01,8.390000, 2.087724e+01,8.390000, 2.112099e+01,8.390000, 2.063350e+01,
8.400000, 2.160847e+01,8.400000, 2.112099e+01,8.400000, 2.136473e+01,8.400000, 2.087724e+01,
8.410000, 2.167715e+01,8.410000, 2.136473e+01,8.410000, 2.160847e+01,8.410000, 2.112099e+01,
8.420000, 2.160448e+01,8.420000, 2.160847e+01,8.420000, 2.167715e+01,8.420000, 2.136473e+01,
8.430000, 2.153181e+01,8.430000, 2.167715e+01,8.430000, 2.160448e+01,8.430000, 2.160847e+01,
8.440000, 2.145915e+01,8.440000, 2.160448e+01,8.440000, 2.153181e+01,8.440000, 2.167715e+01,
8.450000, 2.138648e+01,8.450000, 2.153181e+01,8.450000, 2.145915e+01,8.450000, 2.160448e+01,
8.460000, 2.121064e+01,8.460000, 2.145915e+01,8.460000, 2.138648e+01,8.460000, 2.153181e+01,
8.470000, 2.095152e+01,8.470000, 2.138648e+01,8.470000, 2.121064e+01,8.470000, 2.145915e+01,
8.480000, 2.069239e+01,8.480000, 2.121064e+01,8.480000, 2.095152e+01,8.480000, 2.138648e+01,
8.490000, 2.043326e+01,8.490000, 2.095152e+01,8.490000, 2.069239e+01,8.490000, 2.121064e+01,
8.500000, 2.017414e+01,8.500000, 2.069239e+01,8.500000, 2.043326e+01,8.500000, 2.095152e+01,
8.510000, 1.965645e+01,8.510000, 2.043326e+01,8.510000, 2.017414e+01,8.510000, 2.069239e+01,
8.520000, 1.893001e+01,8.520000, 2.017414e+01,8.520000, 1.965645e+01,8.520000, 2.043326e+01,
8.530000, 1.820358e+01,8.530000, 1.965645e+01,8.530000, 1.893001e+01,8.530000, 2.017414e+01,
8.540000, 1.747714e+01,8.540000, 1.893001e+01,8.540000, 1.820358e+01,8.540000, 1.965645e+01,
8.550000, 1.675070e+01,8.550000, 1.820358e+01,8.550000, 1.747714e+01,8.550000, 1.893001e+01,
8.560000, 1.622451e+01,8.560000, 1.747714e+01,8.560000, 1.675070e+01,8.560000, 1.820358e+01,
8.570000, 1.585997e+01,8.570000, 1.675070e+01,8.570000, 1.622451e+01,8.570000, 1.747714e+01,
8.580000, 1.549544e+01,8.580000, 1.622451e+01,8.580000, 1.585997e+01,8.580000, 1.675070e+01,
8.590000, 1.513091e+01,8.590000, 1.585997e+01,8.590000, 1.549544e+01,8.590000, 1.622451e+01,
8.600000, 1.476638e+01,8.600000, 1.549544e+01,8.600000, 1.513091e+01,8.600000, 1.585997e+01,
8.610000, 1.435332e+01,8.610000, 1.513091e+01,8.610000, 1.476638e+01,8.610000, 1.549544e+01,
8.620000, 1.390109e+01,8.620000, 1.476638e+01,8.620000, 1.435332e+01,8.620000, 1.513091e+01,
8.630000, 1.344885e+01,8.630000, 1.435332e+01,8.630000, 1.390109e+01,8.630000, 1.476638e+01,
8.640000, 1.299662e+01,8.640000, 1.390109e+01,8.640000, 1.344885e+01,8.640000, 1.435332e+01,
8.650000, 1.254439e+01,8.650000, 1.344885e+01,8.650000, 1.299662e+01,8.650000, 1.390109e+01,
8.660000, 1.218556e+01,8.660000, 1.299662e+01,8.660000, 1.254439e+01,8.660000, 1.344885e+01,
8.670000, 1.190215e+01,8.670000, 1.254439e+01,8.670000, 1.218556e+01,8.670000, 1.299662e+01,
8.680000, 1.161874e+01,8.680000, 1.218556e+01,8.680000, 1.190215e+01,8.680000, 1.254439e+01,
8.690000, 1.133533e+01,8.690000, 1.190215e+01,8.690000, 1.161874e+01,8.690000, 1.218556e+01,
8.700000, 1.105192e+01,8.700000, 1.161874e+01,8.700000, 1.133533e+01,8.700000, 1.190215e+01,
8.710000, 1.074288e+01,8.710000, 1.133533e+01,8.710000, 1.105192e+01,8.710000, 1.161874e+01,
8.720000, 1.041316e+01,8.720000, 1.105192e+01,8.720000, 1.074288e+01,8.720000, 1.133533e+01,
8.730000, 1.008343e+01,8.730000, 1.074288e+01,8.730000, 1.041316e+01,8.730000, 1.105192e+01,
8.740000, 9.753702e+00,8.740000, 1.041316e+01,8.740000, 1.008343e+01,8.740000, 1.074288e+01,
8.750000, 9.423975e+00,8.750000, 1.008343e+01,8.750000, 9.753702e+00,8.750000, 1.041316e+01,
8.760000, 9.047520e+00,8.760000, 9.753702e+00,8.760000, 9.423975e+00,8.760000, 1.008343e+01,
8.770000, 8.633339e+00,8.770000, 9.423975e+00,8.770000, 9.047520e+00,8.770000, 9.753702e+00,
8.780000, 8.219159e+00,8.780000, 9.047520e+00,8.780000, 8.633339e+00,8.780000, 9.423975e+00,
8.790000, 7.804978e+00,8.790000, 8.633339e+00,8.790000, 8.219159e+00,8.790000, 9.047520e+00,
8.800000, 7.390797e+00,8.800000, 8.219159e+00,8.800000, 7.804978e+00,8.800000, 8.633339e+00,
8.810000, 7.187906e+00,8.810000, 7.804978e+00,8.810000, 7.390797e+00,8.810000, 8.219159e+00,
8.820000, 7.155602e+00,8.820000, 7.390797e+00,8.820000, 7.187906e+00,8.820000, 7.804978e+00,
8.830000, 7.123297e+00,8.830000, 7.187906e+00,8.830000, 7.155602e+00,8.830000, 7.390797e+00,
8.840000, 7.090993e+00,8.840000, 7.155602e+00,8.840000, 7.123297e+00,8.840000, 7.187906e+00,
8.850000, 7.058689e+00,8.850000, 7.123297e+00,8.850000, 7.090993e+00,8.850000, 7.155602e+00,
8.860000, 7.199705e+00,8.860000, 7.090993e+00,8.860000, 7.058689e+00,8.860000, 7.123297e+00,
8.870000, 7.480655e+00,8.870000, 7.058689e+00,8.870000, 7.199705e+00,8.870000, 7.090993e+00,
8.880000, 7.761604e+00,8.880000, 7.199705e+00,8.880000, 7.480655e+00,8.880000, 7.058689e+00,
8.890000, 8.042553e+00,8.890000, 7.480655e+00,8.890000, 7.761604e+00,8.890000, 7.199705e+00,
8.900000, 8.323502e+00,8.900000, 7.761604e+00,8.900000, 8.042553e+00,8.900000, 7.480655e+00,
8.910000, 8.584296e+00,8.910000, 8.042553e+00,8.910000, 8.323502e+00,8.910000, 7.761604e+00,
8.920000, 8.828819e+00,8.920000, 8.323502e+00,8.920000, 8.584296e+00,8.920000, 8.042553e+00,
8.930000, 9.073342e+00,8.930000, 8.584296e+00,8.930000, 8.828819e+00,8.930000, 8.323502e+00,
8.940000, 9.317865e+00,8.940000, 8.828819e+00,8.940000, 9.073342e+00,8.940000, 8.584296e+00,
8.950000, 9.562388e+00,8.950000, 9.073342e+00,8.950000, 9.317865e+00,8.950000, 8.828819e+00,
8.960000, 9.775720e+00,8.960000, 9.317865e+00,8.960000, 9.562388e+00,8.960000, 9.073342e+00,
8.970000, 9.963870e+00,8.970000, 9.562388e+00,8.970000, 9.775720e+00,8.970000, 9.317865e+00,
8.980000, 1.015202e+01,8.980000, 9.775720e+00,8.980000, 9.963870e+00,8.980000, 9.562388e+00,
8.990000, 1.034017e+01,8.990000, 9.963870e+00,8.990000, 1.015202e+01,8.990000, 9.775720e+00,
9.000000, 1.052832e+01,9.000000, 1.015202e+01,9.000000, 1.034017e+01,9.000000, 9.963870e+00,
9.010000, 1.076013e+01,9.010000, 1.034017e+01,9.010000, 1.052832e+01,9.010000, 1.015202e+01,
9.020000, 1.102719e+01,9.020000, 1.052832e+01,9.020000, 1.076013e+01,9.020000, 1.034017e+01,
9.030000, 1.129425e+01,9.030000, 1.076013e+01,9.030000, 1.102719e+01,9.030000, 1.052832e+01,
9.040000, 1.156131e+01,9.040000, 1.102719e+01,9.040000, 1.129425e+01,9.040000, 1.076013e+01,
9.050000, 1.182837e+01,9.050000, 1.129425e+01,9.050000, 1.156131e+01,9.050000, 1.102719e+01,
9.060000, 1.207030e+01,9.060000, 1.156131e+01,9.060000, 1.182837e+01,9.060000, 1.129425e+01,
9.070000, 1.229193e+01,9.070000, 1.182837e+01,9.070000, 1.207030e+01,9.070000, 1.156131e+01,
9.080000, 1.251357e+01,9.080000, 1.207030e+01,9.080000, 1.229193e+01,9.080000, 1.182837e+01,
9.090000, 1.273520e+01,9.090000, 1.229193e+01,9.090000, 1.251357e+01,9.090000, 1.207030e+01,
9.100000, 1.295683e+01,9.100000, 1.251357e+01,9.100000, 1.273520e+01,9.100000, 1.229193e+01,
9.110000, 1.275295e+01,9.110000, 1.273520e+01,9.110000, 1.295683e+01,9.110000, 1.251357e+01,
9.120000, 1.220553e+01,9.120000, 1.295683e+01,9.120000, 1.275295e+01,9.120000, 1.273520e+01,
9.130000, 1.165810e+01,9.130000, 1.275295e+01,9.130000, 1.220553e+01,9.130000, 1.295683e+01,
9.140000, 1.111068e+01,9.140000, 1.220553e+01,9.140000, 1.165810e+01,9.140000, 1.275295e+01,
9.150000, 1.056325e+01,9.150000, 1.165810e+01,9.150000, 1.111068e+01,9.150000, 1.220553e+01,
9.160000, 1.012289e+01,9.160000, 1.111068e+01,9.160000, 1.056325e+01,9.160000, 1.165810e+01,
9.170000, 9.768973e+00,9.170000, 1.056325e+01,9.170000, 1.012289e+01,9.170000, 1.111068e+01,
9.180000, 9.415053e+00,9.180000, 1.012289e+01,9.180000, 9.768973e+00,9.180000, 1.056325e+01,
9.190000, 9.061134e+00,9.190000, 9.768973e+00,9.190000, 9.415053e+00,9.190000, 1.012289e+01,
9.200000, 8.707214e+00,9.200000, 9.415053e+00,9.200000, 9.061134e+00,9.200000, 9.768973e+00,
9.210000, 8.494630e+00,9.210000, 9.061134e+00,9.210000, 8.707214e+00,9.210000, 9.415053e+00,
9.220000, 8.396155e+00,9.220000, 8.707214e+00,9.220000, 8.494630e+00,9.220000, 9.061134e+00,
9.230000, 8.297680e+00,9.230000, 8.494630e+00,9.230000, 8.396155e+00,9.230000, 8.707214e+00,
9.240000, 8.199205e+00,9.240000, 8.396155e+00,9.240000, 8.297680e+00,9.240000, 8.494630e+00,
9.250000, 8.100730e+00,9.250000, 8.297680e+00,9.250000, 8.199205e+00,9.250000, 8.396155e+00,
9.260000, 7.860246e+00,9.260000, 8.199205e+00,9.260000, 8.100730e+00,9.260000, 8.297680e+00,
9.270000, 7.505108e+00,9.270000, 8.100730e+00,9.270000, 7.860246e+00,9.270000, 8.199205e+00,
9.280000, 7.149971e+00,9.280000, 7.860246e+00,9.280000, 7.505108e+00,9.280000, 8.100730e+00,
9.290000, 6.794833e+00,9.290000, 7.505108e+00,9.290000, 7.149971e+00,9.290000, 7.860246e+00,
9.300000, 6.439696e+00,9.300000, 7.149971e+00,9.300000, 6.794833e+00,9.300000, 7.505108e+00,
9.310000, 6.367587e+00,9.310000, 6.794833e+00,9.310000, 6.439696e+00,9.310000, 7.149971e+00,
9.320000, 6.523985e+00,9.320000, 6.439696e+00,9.320000, 6.367587e+00,9.320000, 6.794833e+00,
9.330000, 6.680384e+00,9.330000, 6.367587e+00,9.330000, 6.523985e+00,9.330000, 6.439696e+00,
9.340000, 6.836782e+00,9.340000, 6.523985e+00,9.340000, 6.680384e+00,9.340000, 6.367587e+00,
9.350000, 6.993181e+00,9.350000, 6.680384e+00,9.350000, 6.836782e+00,9.350000, 6.523985e+00,
9.360000, 7.017395e+00,9.360000, 6.836782e+00,9.360000, 6.993181e+00,9.360000, 6.680384e+00,
9.370000, 6.934888e+00,9.370000, 6.993181e+00,9.370000, 7.017395e+00,9.370000, 6.836782e+00,
9.380000, 6.852382e+00,9.380000, 7.017395e+00,9.380000, 6.934888e+00,9.380000, 6.993181e+00,
9.390000, 6.769875e+00,9.390000, 6.934888e+00,9.390000, 6.852382e+00,9.390000, 7.017395e+00,
9.400000, 6.687369e+00,9.400000, 6.852382e+00,9.400000, 6.769875e+00,9.400000, 6.934888e+00,
9.410000, 6.474781e+00,9.410000, 6.769875e+00,9.410000, 6.687369e+00,9.410000, 6.852382e+00,
9.420000, 6.157171e+00,9.420000, 6.687369e+00,9.420000, 6.474781e+00,9.420000, 6.769875e+00,
9.430000, 5.839562e+00,9.430000, 6.474781e+00,9.430000, 6.157171e+00,9.430000, 6.687369e+00,
9.440000, 5.521952e+00,9.440000, 6.157171e+00,9.440000, 5.839562e+00,9.440000, 6.474781e+00,
9.450000, 5.204342e+00,9.450000, 5.839562e+00,9.450000, 5.521952e+00,9.450000, 6.157171e+00,
9.460000, 5.136537e+00,9.460000, 5.521952e+00,9.460000, 5.204342e+00,9.460000, 5.839562e+00,
9.470000, 5.270414e+00,9.470000, 5.204342e+00,9.470000, 5.136537e+00,9.470000, 5.521952e+00,
9.480000, 5.404292e+00,9.480000, 5.136537e+00,9.480000, 5.270414e+00,9.480000, 5.204342e+00,
9.490000, 5.538170e+00,9.490000, 5.270414e+00,9.490000, 5.404292e+00,9.490000, 5.136537e+00,
9.500000, 5.672048e+00,9.500000, 5.404292e+00,9.500000, 5.538170e+00,9.500000, 5.270414e+00,
9.510000, 5.755114e+00,9.510000, 5.538170e+00,9.510000, 5.672048e+00,9.510000, 5.404292e+00,
9.520000, 5.797156e+00,9.520000, 5.672048e+00,9.520000, 5.755114e+00,9.520000, 5.538170e+00,
9.530000, 5.839198e+00,9.530000, 5.755114e+00,9.530000, 5.797156e+00,9.530000, 5.672048e+00,
9.540000, 5.881240e+00,9.540000, 5.797156e+00,9.540000, 5.839198e+00,9.540000, 5.755114e+00,
9.550000, 5.923282e+00,9.550000, 5.839198e+00,9.550000, 5.881240e+00,9.550000, 5.797156e+00,
9.560000, 5.899388e+00,9.560000, 5.881240e+00,9.560000, 5.923282e+00,9.560000, 5.839198e+00,
9.570000, 5.822258e+00,9.570000, 5.923282e+00,9.570000, 5.899388e+00,9.570000, 5.881240e+00,
9.580000, 5.745129e+00,9.580000, 5.899388e+00,9.580000, 5.822258e+00,9.580000, 5.923282e+00,
9.590000, 5.668000e+00,9.590000, 5.822258e+00,9.590000, 5.745129e+00,9.590000, 5.899388e+00,
9.600000, 5.590870e+00,9.600000, 5.745129e+00,9.600000, 5.668000e+00,9.600000, 5.822258e+00,
9.610000, 5.531380e+00,9.610000, 5.668000e+00,9.610000, 5.590870e+00,9.610000, 5.745129e+00,
9.620000, 5.486132e+00,9.620000, 5.590870e+00,9.620000, 5.531380e+00,9.620000, 5.668000e+00,
9.630000, 5.440883e+00,9.630000, 5.531380e+00,9.630000, 5.486132e+00,9.630000, 5.590870e+00,
9.640000, 5.395635e+00,9.640000, 5.486132e+00,9.640000, 5.440883e+00,9.640000, 5.531380e+00,
9.650000, 5.350386e+00,9.650000, 5.440883e+00,9.650000, 5.395635e+00,9.650000, 5.486132e+00,
9.660000, 5.440176e+00,9.660000, 5.395635e+00,9.660000, 5.350386e+00,9.660000, 5.440883e+00,
9.670000, 5.638991e+00,9.670000, 5.350386e+00,9.670000, 5.440176e+00,9.670000, 5.395635e+00,
9.680000, 5.837805e+00,9.680000, 5.440176e+00,9.680000, 5.638991e+00,9.680000, 5.350386e+00,
9.690000, 6.036620e+00,9.690000, 5.638991e+00,9.690000, 5.837805e+00,9.690000, 5.440176e+00,
9.700000, 6.235435e+00,9.700000, 5.837805e+00,9.700000, 6.036620e+00,9.700000, 5.638991e+00,
9.710000, 6.345567e+00,9.710000, 6.036620e+00,9.710000, 6.235435e+00,9.710000, 5.837805e+00,
9.720000, 6.384100e+00,9.720000, 6.235435e+00,9.720000, 6.345567e+00,9.720000, 6.036620e+00,
9.730000, 6.422633e+00,9.730000, 6.345567e+00,9.730000, 6.384100e+00,9.730000, 6.235435e+00,
9.740000, 6.461166e+00,9.740000, 6.384100e+00,9.740000, 6.422633e+00,9.740000, 6.345567e+00,
9.750000, 6.499699e+00,9.750000, 6.422633e+00,9.750000, 6.461166e+00,9.750000, 6.384100e+00,
9.760000, 6.455926e+00,9.760000, 6.461166e+00,9.760000, 6.499699e+00,9.760000, 6.422633e+00,
9.770000, 6.345700e+00,9.770000, 6.499699e+00,9.770000, 6.455926e+00,9.770000, 6.461166e+00,
9.780000, 6.235475e+00,9.780000, 6.455926e+00,9.780000, 6.345700e+00,9.780000, 6.499699e+00,
9.790000, 6.125250e+00,9.790000, 6.345700e+00,9.790000, 6.235475e+00,9.790000, 6.455926e+00,
9.800000, 6.015024e+00,9.800000, 6.235475e+00,9.800000, 6.125250e+00,9.800000, 6.345700e+00,
9.810000, 6.006141e+00,9.810000, 6.125250e+00,9.810000, 6.015024e+00,9.810000, 6.235475e+00,
9.820000, 6.079078e+00,9.820000, 6.015024e+00,9.820000, 6.006141e+00,9.820000, 6.125250e+00,
9.830000, 6.152014e+00,9.830000, 6.006141e+00,9.830000, 6.079078e+00,9.830000, 6.015024e+00,
9.840000, 6.224951e+00,9.840000, 6.079078e+00,9.840000, 6.152014e+00,9.840000, 6.006141e+00,
9.850000, 6.297888e+00,9.850000, 6.152014e+00,9.850000, 6.224951e+00,9.850000, 6.079078e+00,
9.860000, 6.291444e+00,9.860000, 6.224951e+00,9.860000, 6.297888e+00,9.860000, 6.152014e+00,
9.870000, 6.220913e+00,9.870000, 6.297888e+00,9.870000, 6.291444e+00,9.870000, 6.224951e+00,
9.880000, 6.150382e+00,9.880000, 6.291444e+00,9.880000, 6.220913e+00,9.880000, 6.297888e+00,
9.890000, 6.079850e+00,9.890000, 6.220913e+00,9.890000, 6.150382e+00,9.890000, 6.291444e+00,
9.900000, 6.009319e+00,9.900000, 6.150382e+00,9.900000, 6.079850e+00,9.900000, 6.220913e+00,
9.910000, 5.980538e+00,9.910000, 6.079850e+00,9.910000, 6.009319e+00,9.910000, 6.150382e+00,
9.920000, 5.985465e+00,9.920000, 6.009319e+00,9.920000, 5.980538e+00,9.920000, 6.079850e+00,
9.930000, 5.990393e+00,9.930000, 5.980538e+00,9.930000, 5.985465e+00,9.930000, 6.009319e+00,
9.940000, 5.995320e+00,9.940000, 5.985465e+00,9.940000, 5.990393e+00,9.940000, 5.980538e+00,
9.950000, 6.000247e+00,9.950000, 5.990393e+00,9.950000, 5.995320e+00,9.950000, 5.985465e+00,
9.960000, 5.944651e+00,9.960000, 5.995320e+00,9.960000, 6.000247e+00,9.960000, 5.990393e+00,
9.970000, 5.840190e+00,9.970000, 6.000247e+00,9.970000, 5.944651e+00,9.970000, 5.995320e+00,
